Age,BusinessTravel,DailyRate,Department,DistanceFromHome,Education,EducationField,EnvironmentSatisfaction,Gender,HourlyRate,JobInvolvement,JobLevel,JobRole,JobSatisfaction,MaritalStatus,MonthlyIncome,MonthlyRate,NumCompaniesWorked,OverTime,PercentSalaryHike,PerformanceRating,RelationshipSatisfaction,StandardHours,StockOptionLevel,TotalWorkingYears,TrainingTimesLastYear,WorkLifeBalance,YearsAtCompany,YearsInCurrentRole,YearsSinceLastPromotion,YearsWithCurrManager,Attrition
50,2,1126,2,1,2,4,4,1,66,3,4,5,4,3,17399,6615,9,0,22,4,3,80,1,32,1,2,5,4,1,3,No
36,2,216,2,6,2,4,2,1,84,3,2,4,2,3,4941,2819,6,0,20,4,4,80,2,7,0,3,3,2,0,1,No
21,2,337,1,7,1,1,2,1,31,3,1,8,2,1,2679,4567,1,0,13,3,2,80,0,1,3,3,1,0,1,0,Yes
52,2,994,2,7,4,3,2,1,87,3,3,0,2,1,10445,15322,7,0,19,3,4,80,0,18,4,3,8,6,4,0,No
33,2,1277,2,15,1,4,2,1,56,3,3,3,3,2,13610,24619,7,1,12,3,4,80,0,15,2,4,7,6,7,7,Yes
47,2,1001,2,4,3,3,3,0,92,2,3,4,2,3,10333,19271,8,1,12,3,3,80,1,28,4,3,22,11,14,10,No
22,2,1230,2,1,2,3,4,1,33,2,2,4,4,2,4775,19146,6,0,22,4,1,80,2,4,2,1,2,2,2,2,No
33,0,530,1,16,3,3,3,0,36,3,2,7,4,3,5368,16130,1,1,25,4,3,80,1,7,2,3,6,5,1,2,No
27,3,793,1,2,1,3,4,1,43,1,2,7,4,1,5071,20392,3,0,20,4,2,80,0,8,3,3,6,2,0,0,No
40,2,543,2,1,4,3,1,1,83,3,1,2,4,2,2406,4060,8,0,19,3,3,80,2,8,3,2,1,0,0,0,No
55,3,1091,2,2,1,3,4,1,65,3,3,4,2,2,10976,15813,3,0,18,3,2,80,1,23,4,3,3,2,1,2,No
33,2,1017,2,25,3,4,1,1,55,2,1,6,2,1,2313,2993,4,1,20,4,2,80,0,5,0,3,2,2,2,2,Yes
37,2,625,1,1,4,3,1,1,46,2,3,7,3,2,10609,14922,5,0,11,3,3,80,0,17,2,1,14,1,11,7,Yes
46,2,168,1,4,2,1,4,0,33,2,5,3,2,2,18789,9946,2,0,14,3,3,80,1,26,2,3,11,4,0,8,No
38,2,1245,1,14,3,3,3,1,80,3,2,7,2,2,9924,12355,0,0,11,3,4,80,1,10,3,3,9,8,7,7,No
30,2,1138,2,6,3,5,1,0,48,2,2,2,4,2,4627,23631,0,0,12,3,1,80,1,10,6,3,9,2,6,7,No
36,0,301,1,15,4,1,4,1,88,1,2,7,4,3,5406,10436,1,0,24,4,1,80,1,15,4,2,15,12,11,11,No
40,2,611,1,7,4,4,2,1,88,3,5,3,2,1,19833,4349,1,0,14,3,2,80,0,21,3,2,21,8,12,8,No
53,2,1376,1,2,2,4,3,1,45,3,4,3,3,3,14852,13938,6,0,13,3,3,80,1,22,3,4,17,13,15,2,No
32,2,977,2,2,3,4,4,1,45,3,2,6,2,3,5470,25518,0,0,13,3,3,80,2,10,4,2,9,5,1,6,No
55,2,1229,2,4,4,3,4,1,30,3,2,0,3,2,4035,16143,0,1,16,3,2,80,0,4,2,3,3,2,1,2,No
30,2,317,2,2,3,3,3,0,43,1,2,4,4,1,6091,24793,2,0,20,4,3,80,0,11,2,3,5,4,0,2,No
23,2,1243,2,6,3,3,3,1,63,4,1,2,1,2,1601,3445,1,1,21,4,3,80,2,1,2,3,0,0,0,0,Yes
51,2,1169,2,7,4,4,2,1,34,2,2,4,3,2,6132,13983,2,0,17,3,3,80,0,10,2,3,1,0,0,0,No
42,2,932,2,1,2,3,4,0,43,2,2,4,4,2,6062,4051,9,1,13,3,4,80,1,8,4,3,4,3,0,2,No
20,2,1362,2,10,1,4,4,1,32,3,1,6,3,1,1009,26999,1,1,11,3,4,80,0,1,5,3,1,0,1,1,Yes
29,2,942,2,15,1,3,2,0,69,1,1,6,4,2,2168,26933,0,1,18,3,1,80,1,6,2,2,5,4,1,3,No
43,2,982,2,12,3,3,1,1,59,2,4,5,2,3,14336,4345,1,0,11,3,3,80,1,25,3,3,25,10,3,9,No
40,3,902,2,26,2,4,3,0,92,2,2,6,4,2,4422,21203,3,1,13,3,4,80,1,16,3,1,1,1,0,0,No
29,2,1401,2,6,1,4,2,0,54,3,1,2,4,2,3131,26342,1,0,13,3,1,80,1,10,5,3,10,8,0,8,No
44,3,429,2,1,2,4,3,1,99,3,1,6,2,3,2342,11092,1,1,12,3,3,80,3,6,2,2,5,3,2,3,Yes
47,2,359,2,2,4,4,1,0,82,3,4,5,3,2,17169,26703,3,0,19,3,2,80,2,26,2,4,20,17,5,6,No
32,3,430,2,24,4,3,1,1,80,3,2,2,4,2,5309,21146,1,0,15,3,4,80,2,10,2,3,10,8,4,7,No
38,2,362,2,1,1,3,3,0,43,3,1,6,1,1,2619,14561,3,0,17,3,4,80,0,8,3,2,0,0,0,0,No
58,0,390,2,1,4,3,4,1,32,1,2,0,3,3,5660,17056,2,1,13,3,4,80,1,12,2,3,5,3,1,2,No
45,2,1448,2,29,3,5,2,1,55,3,3,4,4,2,9380,14720,4,1,18,3,4,80,2,10,4,4,3,1,1,2,No
56,2,832,2,9,3,4,3,1,81,3,4,0,4,2,11103,20420,7,0,11,3,3,80,0,30,1,2,10,7,1,1,No
37,3,1278,1,1,4,4,3,1,31,1,2,7,4,3,9525,7677,1,0,14,3,3,80,2,6,2,2,6,3,1,3,No
39,2,903,1,2,5,3,1,1,41,4,3,7,3,1,7880,2560,0,0,18,3,4,80,0,9,3,3,8,7,0,7,No
54,2,1082,1,2,4,3,3,0,41,2,3,7,3,2,10686,8392,6,0,11,3,2,80,1,13,4,3,9,4,7,0,No
32,0,1109,2,29,4,4,4,0,69,3,1,2,3,1,4025,11135,9,0,12,3,2,80,0,10,2,3,8,7,7,7,No
48,2,530,1,29,1,4,1,0,91,3,3,3,3,2,12504,23978,3,0,21,4,2,80,1,15,3,1,0,0,0,0,No
33,3,827,2,1,4,2,3,0,84,4,2,0,2,2,5488,20161,1,1,13,3,1,80,1,6,2,3,6,5,1,2,No
31,2,249,1,6,4,3,2,1,76,1,2,7,3,2,6172,20739,4,1,18,3,2,80,0,12,3,2,7,7,7,7,Yes
38,2,688,2,23,4,3,4,1,82,3,2,0,4,3,5745,18899,9,0,14,3,2,80,1,10,2,3,2,2,1,2,No
38,2,1321,1,1,4,3,4,1,86,3,2,7,2,2,4440,7636,0,0,15,3,1,80,2,16,3,3,15,13,5,8,No
43,2,1179,1,2,3,4,4,1,73,3,2,7,4,2,7847,6069,1,1,17,3,1,80,1,10,3,3,10,9,8,8,No
37,3,889,2,9,3,4,2,1,53,3,1,6,4,2,2326,11411,1,1,12,3,3,80,3,4,3,2,4,2,1,2,No
30,2,288,2,2,3,3,3,1,99,2,2,0,4,2,4152,15830,1,0,19,3,1,80,3,11,3,3,11,10,10,8,No
39,2,412,2,13,4,4,3,0,94,2,4,3,2,3,17123,17334,6,1,13,3,4,80,2,21,4,3,19,9,15,2,No
27,2,975,2,7,3,4,4,0,55,2,2,0,1,1,6811,23398,8,0,19,3,1,80,0,9,2,1,7,6,0,7,No
42,2,462,1,14,2,4,3,0,68,2,2,7,3,1,6244,7824,7,0,17,3,1,80,0,10,6,3,5,4,0,3,No
31,2,471,2,4,3,4,1,0,62,4,1,2,3,3,3978,16031,8,0,12,3,2,80,1,4,0,2,2,2,2,2,No
39,2,1122,2,6,3,4,4,1,70,3,1,2,1,2,2404,4303,7,1,21,4,4,80,0,8,2,1,2,2,2,2,Yes
29,2,694,2,1,3,3,4,0,87,2,4,5,4,3,16124,3423,3,0,14,3,2,80,2,9,2,2,7,7,1,7,No
49,3,636,2,10,4,3,3,0,35,3,5,5,1,1,18665,25594,9,1,11,3,4,80,0,22,4,3,3,2,1,2,No
38,2,1404,1,1,3,3,1,1,59,2,1,8,1,1,2858,11473,4,0,14,3,1,80,0,20,3,2,1,0,0,0,No
42,2,810,2,23,5,3,1,0,44,3,4,5,4,1,15992,15901,2,0,14,3,2,80,0,16,2,3,1,0,0,0,No
36,2,1425,2,14,1,3,3,1,68,3,2,0,4,2,6586,4821,0,1,17,3,1,80,1,17,2,2,16,8,4,11,No
27,3,829,1,8,1,1,3,1,84,3,2,7,4,2,4342,24008,0,0,19,3,2,80,1,5,3,3,4,2,1,1,No
40,0,1094,1,28,3,2,3,1,58,1,3,7,1,3,10932,11373,3,0,15,3,3,80,1,20,2,3,1,0,0,1,No
34,2,971,1,1,3,5,4,1,64,2,3,7,3,2,7083,12288,1,1,14,3,4,80,0,10,3,3,10,9,8,6,No
31,2,326,1,8,2,3,1,1,31,3,3,7,4,3,10793,8386,1,0,18,3,1,80,1,13,5,3,13,7,9,9,No
41,2,642,2,1,3,3,4,1,76,3,1,6,4,2,2782,21412,3,0,22,4,1,80,1,12,3,3,5,3,1,0,No
31,3,1125,2,1,3,3,4,1,48,1,2,6,1,2,5003,5771,1,0,21,4,2,80,0,10,6,3,10,8,8,7,No
45,3,1297,2,1,4,4,2,1,44,3,2,0,3,1,5399,14511,4,0,12,3,3,80,0,12,3,3,4,2,0,3,No
33,3,508,1,10,3,1,2,1,46,2,2,7,4,1,4682,4317,3,0,14,3,3,80,0,9,6,2,7,7,0,1,No
36,3,884,2,23,2,4,3,1,41,4,2,2,4,2,2571,12290,4,0,17,3,3,80,1,17,3,3,5,2,0,3,No
33,2,267,2,21,3,4,2,1,79,4,1,2,2,2,2028,13637,1,0,18,3,4,80,3,14,6,3,14,11,2,13,No
31,2,670,2,26,1,3,1,1,31,3,1,6,3,3,2911,15170,1,0,17,3,4,80,1,5,1,2,5,2,4,3,No
19,3,602,1,1,1,5,3,0,100,1,1,8,1,1,2325,20989,0,0,21,4,1,80,0,1,5,4,0,0,0,0,Yes
32,3,1311,2,7,3,3,2,1,100,4,1,2,2,2,2794,26062,1,0,20,4,3,80,0,5,3,1,5,1,0,3,No
36,0,217,2,18,4,3,1,1,78,3,2,4,4,1,7779,23238,2,0,20,4,1,80,0,18,0,3,11,9,0,9,No
29,2,1107,2,28,4,3,3,0,93,3,1,6,4,3,2514,26968,4,0,22,4,1,80,1,11,1,3,7,5,1,7,No
30,2,1240,0,9,3,0,3,1,48,3,2,1,4,2,6347,13982,0,1,19,3,4,80,0,12,2,1,11,9,4,7,No
39,2,1253,2,10,1,4,3,1,65,3,3,5,3,1,13464,7914,7,0,21,4,3,80,0,9,3,3,4,3,2,2,No
22,2,1294,2,8,1,4,3,0,79,3,1,2,1,2,2398,15999,1,1,17,3,3,80,0,1,6,3,1,0,0,0,Yes
31,0,979,2,1,4,4,3,1,90,1,2,4,3,2,4345,4381,0,0,12,3,4,80,1,6,2,3,5,4,1,4,No
45,2,1234,1,11,2,3,4,0,90,3,4,3,4,2,17650,5404,3,0,13,3,2,80,1,26,4,4,9,3,1,1,No
42,3,532,2,29,2,3,1,0,92,3,2,6,3,3,4556,12932,2,0,11,3,2,80,1,19,3,3,5,4,0,2,No
31,3,798,2,7,2,3,3,0,48,2,3,4,3,2,8943,14034,1,0,24,4,1,80,1,10,2,3,10,9,8,9,No
34,3,669,2,1,3,4,4,1,97,2,2,0,1,1,5343,25755,0,0,20,4,3,80,0,14,3,3,13,9,4,9,No
33,0,722,1,17,3,3,4,1,38,3,4,3,3,1,17444,20489,1,0,11,3,4,80,0,10,2,3,10,8,6,0,No
40,2,444,1,2,2,1,2,0,92,3,2,7,2,2,5677,4258,3,0,14,3,3,80,1,15,4,3,11,8,5,10,No
33,2,536,1,10,5,1,4,1,82,4,3,7,3,3,8380,21708,0,1,14,3,4,80,2,10,3,3,9,8,0,8,No
34,2,1400,1,9,1,3,2,0,70,3,2,7,3,2,5714,5829,1,0,20,4,1,80,0,6,3,2,6,5,1,3,No
34,2,1397,2,1,5,3,2,1,42,3,1,6,4,2,2691,7660,1,0,12,3,4,80,1,10,4,2,10,9,8,8,No
30,2,153,2,8,2,3,2,0,73,4,3,5,1,2,11416,17802,0,1,12,3,3,80,3,9,4,2,8,7,1,7,No
45,0,248,2,23,2,3,4,1,42,3,2,2,1,2,3633,14039,1,1,15,3,3,80,1,9,2,3,9,8,0,8,No
37,0,142,1,9,4,4,1,1,69,3,3,7,2,3,8834,24666,1,0,13,3,4,80,1,9,6,3,9,5,7,7,No
31,2,691,1,7,3,1,4,1,73,3,2,7,4,3,7547,7143,4,0,12,3,4,80,3,13,3,3,7,7,1,7,No
32,3,1005,2,2,2,3,4,1,79,3,1,2,4,1,3068,11864,0,0,13,3,3,80,0,8,2,2,7,7,3,6,No
30,2,138,2,22,3,3,1,0,48,3,1,6,3,2,2132,11539,4,1,11,3,2,80,0,7,2,3,5,2,0,1,Yes
33,3,1141,1,1,3,3,3,0,42,4,2,7,1,2,5376,3193,2,0,19,3,1,80,2,10,3,3,5,3,1,3,No
38,2,168,2,1,3,3,3,0,81,3,3,4,3,1,7861,15397,4,1,14,3,4,80,0,10,4,4,1,0,0,0,No
41,2,1411,2,19,2,3,3,1,36,3,2,6,1,3,3072,19877,2,0,16,3,1,80,2,17,2,2,1,0,0,0,No
51,3,1150,2,8,4,3,1,1,53,1,3,4,4,1,10650,25150,2,0,15,3,4,80,0,18,2,3,4,2,0,3,Yes
38,3,471,2,12,3,3,1,1,45,2,2,0,1,3,6288,4284,2,0,15,3,3,80,1,13,3,2,4,3,1,2,No
27,2,728,1,23,1,4,2,0,36,2,2,8,3,2,3540,7018,1,0,21,4,4,80,1,9,5,3,9,8,5,8,No
53,2,102,2,23,4,3,4,0,72,3,4,5,4,1,14275,20206,6,0,18,3,3,80,0,33,0,3,12,9,3,8,No
30,2,1358,1,16,1,3,4,1,96,3,2,7,3,2,5301,2939,8,0,15,3,3,80,2,4,2,2,2,1,2,2,No
30,2,945,1,9,3,4,2,1,89,3,1,8,4,1,1081,16019,1,0,13,3,3,80,0,1,3,2,1,0,0,0,Yes
30,2,921,2,1,3,3,4,1,38,1,1,2,3,2,3833,24375,3,0,21,4,3,80,2,7,2,3,2,2,0,2,No
58,2,1055,2,1,3,4,4,0,76,3,5,5,1,2,19701,22456,3,1,21,4,3,80,1,32,3,3,9,8,1,5,No
34,2,216,1,1,4,1,2,1,75,4,2,7,4,3,9725,12278,0,0,11,3,4,80,1,16,2,2,15,1,0,9,No
51,2,1178,1,14,2,3,3,0,87,3,2,7,4,2,4936,14862,4,0,11,3,3,80,1,18,2,2,7,7,0,7,No
39,2,117,2,10,1,4,3,1,99,3,4,3,1,2,17068,5355,1,1,14,3,4,80,0,21,3,3,21,9,11,10,No
36,0,635,1,10,4,4,2,1,32,3,3,7,4,1,9980,15318,1,0,14,3,4,80,0,10,3,2,10,3,9,7,No
32,2,588,1,8,2,5,3,0,65,2,2,7,2,2,5228,24624,1,1,11,3,4,80,0,13,2,3,13,12,11,9,No
56,3,1240,2,9,3,4,1,0,63,3,1,6,3,2,2942,12154,2,0,19,3,2,80,1,18,4,3,5,4,0,3,No
57,2,210,1,29,3,1,1,1,56,2,4,3,4,3,14118,22102,3,0,12,3,3,80,1,32,3,2,1,0,0,0,No
40,2,804,2,2,1,4,4,0,86,2,1,6,4,1,2342,22929,0,1,20,4,4,80,0,5,2,2,4,2,2,3,No
23,3,638,1,9,3,1,4,1,33,3,1,8,1,2,1790,26956,1,0,19,3,1,80,1,1,3,2,1,0,1,0,Yes
53,2,1395,2,24,4,4,2,1,48,4,3,0,4,2,7005,3458,3,0,15,3,3,80,0,11,2,3,4,3,1,2,No
38,3,148,2,2,3,4,4,0,42,2,1,2,2,1,2440,23826,1,0,22,4,2,80,0,4,3,3,4,3,3,3,No
36,2,1041,0,13,3,0,3,1,36,3,1,1,2,2,2143,25527,4,0,13,3,2,80,1,8,2,3,5,2,0,4,No
29,3,1413,1,1,1,4,2,0,42,3,3,7,4,2,7918,6599,1,0,14,3,4,80,1,11,5,3,11,10,4,1,No
38,2,201,2,10,3,4,2,0,99,1,3,5,3,2,13206,3376,3,0,12,3,1,80,1,20,3,3,18,16,1,11,No
47,2,1180,2,25,3,4,1,1,84,3,3,0,3,1,8633,13084,2,0,23,4,2,80,0,25,3,3,17,14,12,11,No
32,2,1089,2,7,2,3,4,1,79,3,2,2,3,2,4883,22845,1,0,18,3,1,80,1,10,3,3,10,4,1,1,Yes
36,3,1195,2,11,3,3,2,1,95,2,2,4,2,1,6499,22656,1,0,13,3,3,80,0,6,3,3,6,5,0,3,No
49,3,1475,2,28,2,3,1,1,97,2,2,2,1,1,4284,22710,3,0,20,4,1,80,0,20,2,3,4,3,1,3,Yes
34,2,121,2,2,4,4,3,0,86,2,1,6,1,1,4381,7530,1,0,11,3,3,80,0,6,3,3,6,5,1,3,No
39,2,524,2,18,2,3,1,1,32,3,2,4,3,1,4534,13352,0,0,11,3,1,80,0,9,6,3,8,7,1,7,No
30,0,829,2,1,1,3,3,1,88,2,3,4,3,1,8474,20925,1,0,22,4,3,80,0,12,2,3,11,8,5,8,No
51,3,541,1,2,3,1,2,1,52,3,3,7,2,2,10596,15395,2,0,11,3,2,80,0,14,5,3,4,2,3,2,No
60,2,1179,1,16,4,1,1,1,84,3,2,7,1,1,5405,11924,8,0,14,3,4,80,0,10,1,3,2,2,2,2,No
50,3,878,1,1,4,3,2,1,94,3,2,7,3,3,6728,14255,7,0,12,3,4,80,2,12,3,3,6,3,0,1,Yes
56,2,1400,2,7,3,3,4,1,49,1,3,4,4,1,7260,21698,4,0,11,3,1,80,0,37,3,2,6,4,0,2,No
46,2,706,2,2,2,3,4,1,82,3,3,4,4,3,8578,19989,3,0,14,3,3,80,1,12,4,2,9,8,4,7,No
42,2,855,2,12,3,4,2,1,57,3,1,2,2,3,2766,8952,8,0,22,4,2,80,3,7,6,2,5,3,0,4,No
53,2,607,2,2,5,5,3,0,78,2,3,4,4,2,10169,14618,0,0,16,3,2,80,1,34,4,3,33,7,1,9,Yes
39,2,867,2,9,2,4,1,1,87,3,2,4,1,2,5151,12315,1,0,25,4,4,80,1,10,3,3,10,0,7,9,No
48,2,1224,2,10,3,3,4,1,91,2,5,5,2,2,19665,13583,4,0,12,3,4,80,0,29,3,3,22,10,12,9,No
37,2,228,1,6,4,4,3,1,98,3,2,7,4,2,6502,22825,4,0,14,3,2,80,1,7,5,4,5,4,0,1,No
41,3,1200,2,22,3,3,4,0,75,3,2,6,4,3,5467,13953,3,1,14,3,1,80,2,12,4,2,6,2,3,3,No
21,0,895,1,9,2,4,1,1,39,3,1,8,4,1,2610,2851,1,0,24,4,3,80,0,3,3,2,3,2,2,2,No
32,2,117,1,13,4,3,2,1,73,3,2,7,4,3,4403,9250,2,0,11,3,3,80,1,8,3,2,5,2,0,3,No
37,2,1373,2,2,2,2,4,1,92,2,1,2,3,1,2090,2396,6,1,15,3,2,80,0,7,3,3,0,0,0,0,Yes
45,3,1249,2,7,3,3,1,1,97,3,3,2,1,3,5210,20308,1,0,18,3,1,80,1,24,2,3,24,9,9,11,No
41,2,896,1,6,3,3,4,0,75,3,3,3,4,1,13591,14674,3,1,18,3,3,80,0,16,3,3,1,0,0,0,No
42,2,603,2,7,4,4,2,0,78,4,2,6,2,2,2372,5628,6,1,16,3,4,80,0,18,2,3,1,0,0,0,No
42,2,691,1,8,4,1,3,1,48,3,2,7,2,2,6825,21173,0,0,11,3,4,80,1,10,2,3,9,7,4,2,No
24,0,830,1,13,2,3,4,0,78,3,1,8,2,2,2033,7103,1,0,13,3,3,80,1,1,2,3,1,0,0,0,No
33,2,603,1,9,4,1,1,0,77,3,2,7,1,1,8224,18385,0,1,17,3,1,80,0,6,3,3,5,2,0,3,Yes
43,3,422,2,1,3,3,4,0,33,3,2,0,4,2,5562,21782,4,0,13,3,2,80,1,12,2,2,5,2,2,2,No
38,3,1391,2,10,1,4,3,1,66,3,1,6,3,2,2684,12127,0,0,17,3,2,80,1,3,0,2,2,1,0,2,No
33,2,516,2,8,5,3,4,1,69,3,2,0,3,1,6388,22049,2,1,17,3,1,80,0,14,6,3,0,0,0,0,No
53,2,661,1,7,2,1,1,0,78,2,3,7,4,2,10934,20715,7,1,18,3,4,80,1,35,3,3,5,2,0,4,No
43,3,1082,2,27,3,3,3,0,83,3,3,4,1,2,10820,11535,8,0,11,3,3,80,1,18,1,3,8,7,0,1,No
42,2,269,2,2,3,4,4,0,56,2,1,2,1,3,2593,8007,0,1,11,3,3,80,1,10,4,3,9,6,7,8,No
29,2,318,2,8,4,2,2,1,77,1,1,2,1,2,2119,4759,1,1,11,3,4,80,0,7,4,2,7,7,0,7,Yes
29,2,657,2,27,3,4,2,0,66,3,2,0,3,2,4335,25549,4,0,12,3,1,80,1,11,3,2,8,7,1,1,No
37,2,408,2,19,2,3,2,1,73,3,1,6,2,2,3022,10227,4,0,21,4,1,80,0,8,1,3,1,0,0,0,No
50,3,1115,2,1,3,3,1,0,73,3,5,5,2,2,18172,9755,3,1,19,3,1,80,0,28,1,2,8,3,0,7,No
29,0,746,1,2,3,3,4,1,61,3,2,7,3,2,4649,16928,1,0,14,3,1,80,1,4,3,2,4,3,0,2,No
33,3,515,2,1,2,3,1,0,98,3,3,5,4,1,13458,15146,1,1,12,3,3,80,0,15,1,3,15,14,8,12,No
55,0,444,2,2,1,4,3,1,40,2,4,3,1,1,16756,17323,7,0,15,3,2,80,0,31,3,4,9,7,6,2,No
51,2,1469,2,8,4,3,2,1,81,2,3,5,2,2,12490,15736,5,0,16,3,4,80,2,16,5,1,10,9,4,7,No
30,3,1312,2,23,3,3,1,1,96,1,1,6,3,3,2613,22310,1,0,25,4,3,80,3,10,2,2,10,7,0,9,No
49,2,1098,2,4,2,4,1,1,85,2,5,3,3,2,18711,12124,2,0,13,3,3,80,1,23,2,4,1,0,0,0,No
47,3,1379,2,16,4,4,3,1,64,4,2,4,3,3,5067,6759,1,1,19,3,3,80,0,20,3,4,19,10,2,7,No
31,2,1082,2,1,4,4,3,1,87,3,1,6,2,1,2501,18775,1,0,17,3,2,80,0,1,4,3,1,1,1,0,No
47,2,207,2,9,4,3,2,0,64,3,1,2,3,1,2105,5411,4,0,12,3,3,80,0,7,2,3,2,2,2,0,No
58,2,848,2,23,4,3,1,1,88,3,1,6,3,3,2372,26076,1,0,12,3,4,80,2,2,3,3,2,2,2,2,No
41,2,1360,2,12,3,5,2,0,49,3,5,5,3,2,19545,16280,1,0,12,3,4,80,0,23,0,3,22,15,15,8,Yes
29,2,468,2,28,4,4,4,0,73,2,1,6,1,1,3785,8489,1,0,14,3,2,80,0,5,3,1,5,4,0,4,No
50,2,1207,2,28,1,4,4,1,74,4,1,2,3,2,3221,3297,1,1,11,3,3,80,3,20,3,3,20,8,3,8,No
32,2,267,2,29,4,3,3,0,49,2,1,2,2,1,2837,15919,1,0,13,3,3,80,0,6,3,3,6,2,4,1,No
44,2,1313,2,7,3,4,2,0,31,3,5,5,4,3,19049,3549,0,1,14,3,4,80,1,23,4,2,22,7,1,10,No
38,2,433,0,1,3,0,3,1,37,4,1,1,3,2,2844,6004,1,0,13,3,4,80,1,7,2,4,7,6,5,0,No
45,2,252,2,2,3,3,2,0,95,2,1,6,3,1,2274,6153,1,0,14,3,4,80,0,1,3,3,1,0,0,0,No
46,3,1034,2,18,1,4,1,0,86,3,3,0,3,2,10527,8984,5,0,11,3,4,80,0,28,3,2,2,2,1,2,No
34,2,181,2,2,4,4,4,1,97,4,1,6,4,2,2932,5586,0,1,14,3,1,80,3,6,3,3,5,0,1,2,No
55,3,135,2,18,4,4,3,1,62,3,2,0,2,2,6385,12992,3,1,14,3,4,80,2,17,3,3,8,7,6,7,No
19,2,265,2,25,3,3,2,0,57,4,1,6,4,1,2994,21221,1,1,12,3,4,80,0,1,2,3,1,0,0,1,No
32,2,427,2,1,3,4,1,1,33,3,2,4,4,2,6162,10877,1,1,22,4,2,80,1,9,3,3,9,8,7,8,No
40,0,663,2,9,4,2,3,1,81,3,2,2,3,3,3975,23099,3,0,11,3,3,80,2,11,2,4,8,7,0,7,No
30,2,1334,1,4,2,4,3,0,63,2,2,7,2,3,5209,19760,1,1,12,3,2,80,3,11,4,2,11,8,2,7,No
48,2,1469,2,20,4,4,4,1,51,3,1,6,3,2,2259,5543,4,0,17,3,1,80,2,13,2,2,0,0,0,0,No
45,0,1195,2,2,2,4,1,1,65,2,4,3,4,2,16792,20462,9,0,23,4,4,80,1,22,1,3,20,8,11,8,No
29,3,806,2,1,4,3,2,1,76,1,1,6,4,3,2720,18959,1,0,18,3,4,80,1,10,5,3,10,7,2,8,No
46,2,1003,2,8,4,3,4,0,74,2,2,6,1,3,4615,21029,8,1,23,4,1,80,3,19,2,3,16,13,1,7,No
41,2,549,2,7,2,4,4,0,42,3,2,4,3,1,5003,23371,6,0,14,3,2,80,0,8,6,3,2,2,2,1,No
41,2,1356,1,20,2,1,2,0,70,3,1,8,2,1,3140,21728,1,1,22,4,4,80,0,4,5,2,4,3,0,2,Yes
52,3,322,2,28,2,4,4,0,59,4,4,4,3,2,13247,9731,2,1,11,3,2,80,1,24,3,2,5,3,0,2,No
51,3,1456,2,1,4,4,1,0,30,2,3,0,1,1,7484,25796,3,0,20,4,3,80,0,23,1,2,13,12,12,8,No
36,2,1157,1,2,4,3,3,1,70,3,1,8,4,1,2644,17001,3,1,21,4,4,80,0,7,3,2,3,2,1,2,No
38,2,1180,2,29,1,4,2,1,70,3,2,0,1,2,6673,11354,7,1,19,3,2,80,0,17,2,3,1,0,0,0,Yes
31,3,715,1,2,4,2,4,1,54,3,2,7,1,1,5332,21602,7,0,13,3,4,80,0,10,3,3,5,2,0,3,No
44,2,1488,1,1,5,1,2,0,75,3,2,7,1,3,5454,4009,5,1,21,4,3,80,1,9,2,2,4,3,1,3,No
31,3,1060,1,1,3,3,4,0,54,3,1,8,2,1,2302,8319,1,1,11,3,1,80,0,3,2,4,3,2,2,2,Yes
27,2,135,2,17,4,3,4,0,51,3,1,6,3,1,2394,25681,1,1,13,3,4,80,0,8,2,3,8,2,7,7,Yes
50,2,328,2,1,3,4,3,1,86,2,1,2,3,2,3690,3425,2,0,15,3,4,80,1,5,2,2,3,2,0,2,No
39,2,1329,1,4,4,3,4,0,47,2,2,7,3,2,5902,14590,4,0,14,3,3,80,1,17,1,4,15,11,5,9,No
30,0,879,2,9,2,4,3,0,72,3,2,4,3,1,4695,12858,7,1,18,3,3,80,0,10,3,3,8,4,1,7,No
30,2,852,2,1,1,3,4,1,55,2,2,2,4,2,5126,15998,1,1,12,3,3,80,2,10,1,2,10,8,3,0,No
59,0,1420,0,2,4,0,3,0,32,2,5,3,4,2,18844,21922,9,0,21,4,4,80,1,30,3,3,3,2,2,2,No
36,0,427,2,8,3,3,1,0,63,4,3,5,1,2,11713,20335,9,0,14,3,1,80,1,10,2,3,8,7,0,5,No
30,3,448,1,12,4,3,2,1,74,2,1,8,1,2,2033,14470,1,0,18,3,3,80,1,1,2,4,1,0,0,0,Yes
50,2,1452,2,11,3,3,3,0,53,3,5,3,2,1,19926,17053,3,0,15,3,2,80,0,21,5,3,5,4,4,4,No
37,2,1017,2,1,2,4,3,0,83,2,1,6,1,2,3920,18697,2,0,14,3,1,80,1,17,2,2,3,1,0,2,No
38,2,849,2,25,2,3,1,0,81,2,3,5,2,2,12061,26707,3,0,17,3,3,80,1,19,2,3,10,8,0,1,No
41,0,267,1,10,2,3,4,1,56,3,2,7,4,1,6230,13430,7,0,14,3,4,80,0,16,3,3,14,3,1,10,No
29,2,590,2,4,3,5,4,0,91,2,1,6,1,3,2109,10007,1,0,13,3,3,80,1,1,2,3,1,0,0,0,No
45,2,549,2,8,4,2,4,1,75,3,2,6,4,2,3697,9278,9,0,14,3,1,80,2,12,3,3,10,9,9,8,No
29,2,136,2,1,3,3,1,1,89,3,2,0,1,2,5373,6225,0,0,12,3,1,80,1,6,5,2,5,3,0,2,No
42,2,469,2,2,2,4,4,1,35,3,4,3,1,2,17665,14399,0,0,17,3,4,80,1,23,3,3,22,6,13,7,No
48,2,715,2,1,3,3,4,1,76,2,5,5,4,1,18265,8733,6,0,12,3,3,80,0,25,3,4,1,0,0,0,No
20,3,871,2,6,3,3,4,0,66,2,1,2,4,1,2926,19783,1,1,18,3,2,80,0,1,5,3,1,0,1,0,Yes
31,2,1274,2,9,1,3,3,1,33,3,3,4,2,3,10648,14394,1,0,25,4,4,80,1,13,6,4,13,8,0,8,No
41,0,552,0,4,3,0,3,1,60,1,2,1,2,2,6430,20794,6,0,19,3,2,80,1,10,4,3,3,2,1,2,No
29,2,350,0,13,3,0,1,1,56,2,1,1,1,3,2335,3157,4,1,15,3,4,80,3,4,3,3,2,2,2,0,Yes
42,2,647,1,4,4,1,2,1,45,3,2,7,1,1,5155,2253,7,0,13,3,4,80,0,9,3,4,6,4,1,5,No
36,2,1120,1,11,4,1,2,0,100,2,2,7,4,2,6652,14369,4,0,13,3,1,80,1,8,2,2,6,3,0,0,No
32,2,964,1,1,2,3,1,1,34,1,2,7,2,1,6735,12147,6,0,15,3,2,80,0,10,2,3,0,0,0,0,Yes
36,2,1351,2,26,4,3,1,1,80,3,2,0,3,2,5347,7419,6,0,14,3,2,80,2,10,2,2,3,2,0,2,No
42,2,201,2,1,4,3,2,0,95,3,1,2,1,3,2576,20490,3,0,16,3,2,80,1,8,5,3,5,2,1,2,No
43,2,1034,1,16,3,1,4,0,80,3,4,3,4,2,16064,7744,5,1,22,4,3,80,1,22,3,3,17,13,1,9,No
36,2,530,1,2,4,3,3,0,51,3,2,8,4,1,4502,7439,3,0,15,3,3,80,0,17,2,2,13,7,6,7,No
36,0,1105,2,24,4,3,2,0,47,3,2,2,2,2,5674,6927,7,0,15,3,3,80,1,11,3,3,9,8,0,8,No
36,3,1467,1,11,2,5,2,0,92,3,3,7,4,2,9738,22952,0,0,14,3,3,80,1,10,6,3,9,7,2,8,No
38,3,1189,2,1,3,3,4,1,90,3,2,6,4,2,4735,9867,7,0,15,3,4,80,2,19,4,4,13,11,2,9,No
33,2,1198,2,1,4,2,3,1,100,2,1,6,1,1,2799,3339,3,1,11,3,2,80,0,6,1,3,3,2,0,2,No
45,3,1199,2,7,4,3,1,1,77,4,2,4,3,2,6434,5118,4,0,17,3,4,80,1,9,1,3,3,2,0,2,No
27,2,511,1,2,2,4,1,0,89,4,2,7,3,1,6500,26997,0,0,14,3,2,80,0,9,5,2,8,7,0,7,No
34,2,790,1,24,4,4,1,0,40,2,2,7,2,1,4599,7815,0,1,23,4,3,80,0,16,2,4,15,9,10,10,Yes
29,2,1328,2,2,3,3,3,1,76,3,1,6,2,2,2703,4956,0,0,23,4,4,80,1,6,3,3,5,4,0,4,No
32,2,1093,1,6,4,4,2,1,87,3,2,7,3,1,5010,24301,1,0,16,3,1,80,0,12,0,3,11,8,5,7,No
44,2,136,2,28,3,3,4,1,32,3,4,5,1,2,16328,22074,3,0,13,3,3,80,1,24,1,4,20,6,14,17,No
40,2,302,2,6,3,3,2,0,75,3,4,4,3,1,13237,20364,7,0,15,3,3,80,0,22,3,3,20,6,5,13,No
55,2,1117,1,18,5,3,1,0,83,3,4,3,2,1,16835,9873,3,0,23,4,4,80,0,37,2,3,10,9,7,7,No
41,3,840,2,9,3,4,1,1,64,3,5,5,3,3,19419,3735,2,0,17,3,2,80,1,21,2,4,18,16,0,11,No
38,2,437,1,16,3,3,2,0,90,3,2,7,2,1,4198,16379,2,0,12,3,2,80,0,8,5,4,3,2,1,2,No
29,2,428,1,9,3,1,2,0,52,1,1,8,2,1,2760,14630,1,0,13,3,3,80,0,2,3,3,2,2,2,2,Yes
45,2,193,2,6,4,2,4,1,52,3,3,5,1,2,13245,15067,4,1,14,3,2,80,0,17,3,4,0,0,0,0,No
34,2,1153,2,1,2,4,1,1,94,3,2,4,2,2,4325,17736,1,0,15,3,3,80,0,5,2,3,5,2,1,3,No
38,3,693,2,7,3,3,4,1,57,4,1,6,3,3,2610,15748,1,0,11,3,4,80,3,4,2,3,4,2,0,3,No
55,2,111,1,1,2,3,1,1,70,3,3,7,4,2,10239,18092,3,0,14,3,4,80,1,24,4,3,1,0,1,0,No
40,2,884,2,15,3,3,1,0,80,2,3,4,3,2,10435,25800,1,0,13,3,4,80,2,18,2,3,18,15,14,12,No
20,2,727,1,9,1,3,4,1,54,3,1,8,1,1,2728,21082,1,0,11,3,1,80,0,2,3,3,2,2,0,2,No
33,2,587,2,10,1,4,1,1,38,1,1,2,4,3,3408,6705,7,0,13,3,1,80,3,8,2,3,4,3,1,3,Yes
31,2,1222,2,11,4,3,4,1,48,3,1,6,4,2,2356,14871,3,1,19,3,2,80,1,8,2,3,6,4,0,2,No
40,2,1492,2,20,4,5,1,1,61,3,3,0,4,2,10322,26542,4,0,20,4,4,80,1,14,6,3,11,10,11,1,No
50,3,1421,2,2,3,4,4,0,30,3,4,3,1,2,17856,9490,2,0,22,4,3,80,1,32,3,3,2,2,2,2,No
27,3,591,2,2,3,4,4,1,87,3,1,6,4,1,2580,6297,2,0,13,3,3,80,0,6,0,2,4,2,1,2,No
36,2,1383,2,10,3,3,4,1,90,3,3,0,1,2,8321,25949,7,1,13,3,4,80,1,15,1,3,12,8,5,7,No
53,2,447,2,2,3,4,4,1,39,4,4,5,2,1,16598,19764,4,0,12,3,2,80,0,35,2,2,9,8,8,8,No
42,2,1128,2,13,3,4,2,1,95,4,2,0,1,2,5538,5696,5,0,18,3,3,80,2,10,2,2,0,0,0,0,No
37,0,1040,2,2,2,3,3,1,100,2,2,0,4,3,5163,15850,5,0,14,3,4,80,1,17,2,4,1,0,0,0,No
43,2,589,2,14,2,3,2,1,94,3,4,5,1,2,17159,5200,6,0,24,4,3,80,1,22,3,3,4,1,1,0,No
23,2,373,2,1,2,3,4,1,47,3,1,6,3,2,1223,16901,1,0,22,4,4,80,1,1,2,3,1,0,0,1,No
52,2,258,2,8,4,2,3,0,54,3,1,2,1,2,2950,17363,9,0,13,3,3,80,0,12,2,1,5,4,0,4,No
29,2,1010,2,1,3,3,1,0,97,3,1,6,4,3,3760,5598,1,0,15,3,1,80,3,3,5,3,3,2,1,2,No
50,2,989,2,7,2,4,2,0,43,2,5,5,3,3,18740,16701,5,1,12,3,4,80,1,29,2,2,27,3,13,8,No
42,2,635,1,1,1,3,2,1,99,3,2,7,3,2,4907,24532,1,0,25,4,3,80,0,20,3,3,20,16,11,6,No
34,2,628,2,8,3,4,2,1,82,4,2,2,3,2,4404,10228,2,0,12,3,1,80,0,6,3,4,4,3,1,2,No
27,2,1469,2,1,2,4,4,1,82,3,1,2,2,3,3816,17881,1,0,11,3,2,80,1,5,2,3,5,2,0,4,No
37,3,504,2,10,3,4,1,1,61,3,3,4,3,3,10048,22573,6,0,11,3,2,80,2,17,5,3,1,0,0,0,Yes
33,0,1313,2,1,2,4,2,1,59,2,1,2,3,3,2008,20439,1,0,12,3,3,80,3,1,2,2,1,1,0,0,No
36,2,1299,2,27,3,4,3,1,94,3,2,0,3,2,5237,16577,6,0,13,3,2,80,2,17,3,2,7,7,7,7,No
39,3,443,2,8,1,3,3,0,48,3,1,2,3,2,3755,17872,1,0,11,3,1,80,1,8,3,3,8,3,0,7,No
36,0,1229,1,8,4,5,1,1,84,3,2,7,4,3,5079,25952,4,0,13,3,4,80,2,12,3,3,7,7,0,7,No
36,2,676,2,1,3,2,3,0,35,3,2,4,2,2,5228,23361,0,0,15,3,1,80,1,10,2,3,9,7,0,5,No
37,2,1305,2,10,4,3,3,1,49,3,2,4,2,1,4197,21123,2,1,12,3,4,80,0,18,2,2,1,0,0,1,No
51,3,237,1,9,3,3,4,1,83,3,5,3,2,3,19847,19196,4,1,24,4,1,80,1,31,5,2,29,10,11,10,No
49,2,301,2,22,4,2,1,0,72,3,4,5,2,2,16413,3498,3,0,16,3,2,80,2,27,2,3,4,2,1,2,No
43,3,807,2,17,3,5,3,1,38,2,1,6,3,2,2437,15587,9,1,16,3,4,80,1,6,4,3,1,0,0,0,Yes
33,3,970,1,7,3,3,4,0,30,3,2,7,2,2,4302,13401,0,0,17,3,3,80,1,4,3,3,3,2,0,2,No
46,2,566,2,7,2,4,4,1,75,3,3,4,3,3,10845,24208,6,0,13,3,2,80,1,13,3,3,8,7,0,7,No
56,2,1162,2,24,2,3,1,1,97,3,1,2,4,1,2587,10261,1,0,16,3,4,80,0,5,3,3,4,2,1,0,Yes
32,3,689,1,9,2,4,4,1,35,1,2,7,4,3,4668,22812,0,0,17,3,4,80,3,9,2,4,8,7,0,7,No
30,2,740,1,1,3,3,2,1,64,2,2,7,1,2,9714,5323,1,0,11,3,4,80,1,10,4,3,10,8,6,7,Yes
27,2,1055,2,2,4,3,1,0,47,3,2,4,4,2,4227,4658,0,0,18,3,2,80,1,4,2,3,3,2,2,2,No
42,2,1396,2,6,3,4,3,1,83,3,3,5,1,2,13348,14842,9,0,13,3,2,80,1,18,3,4,13,7,5,7,No
20,2,1097,2,11,3,4,4,0,98,2,1,6,1,1,2600,18275,1,1,15,3,1,80,0,1,2,3,1,0,0,0,Yes
50,2,316,1,8,4,1,4,1,54,3,1,8,2,2,3875,9983,7,0,15,3,4,80,1,4,2,3,2,2,2,2,No
19,2,303,2,2,3,3,2,1,47,2,1,2,4,1,1102,9241,1,0,22,4,3,80,0,1,3,2,1,0,1,0,Yes
31,2,1154,1,2,2,3,1,1,54,3,1,8,3,2,3067,6393,0,0,19,3,3,80,1,3,1,3,2,2,1,2,No
29,3,1404,1,20,3,5,3,0,84,3,1,8,4,2,2157,18203,1,0,15,3,2,80,1,3,5,3,3,1,0,2,No
42,2,1142,2,8,3,3,4,1,81,3,1,2,3,1,3968,13624,4,0,13,3,4,80,0,8,3,3,0,0,0,0,No
36,2,1266,1,10,4,5,2,0,63,2,2,7,3,2,5673,6060,1,1,13,3,1,80,1,10,4,3,10,9,1,7,No
42,3,481,1,12,3,3,3,1,44,3,4,7,1,1,13758,2447,0,1,12,3,2,80,0,22,2,2,21,9,13,14,Yes
46,2,1402,1,2,3,1,3,0,69,3,4,3,1,2,17048,24097,8,0,23,4,1,80,0,28,2,3,26,15,15,9,No
39,2,722,1,24,1,1,2,0,60,2,4,7,4,2,12031,8828,0,0,11,3,1,80,1,21,2,2,20,9,9,6,No
30,2,1358,2,24,1,3,4,1,67,3,1,2,3,3,2693,13335,1,0,22,4,2,80,1,1,2,3,1,0,0,0,No
36,2,172,2,4,4,3,1,1,37,2,2,2,4,1,5810,22604,1,0,16,3,3,80,0,10,2,2,10,4,1,8,No
41,2,1085,2,2,4,3,2,0,57,1,1,2,4,3,2778,17725,4,1,13,3,3,80,1,10,1,2,7,7,1,0,Yes
22,0,457,2,26,2,2,2,0,85,2,1,6,3,2,2814,10293,1,1,14,3,2,80,0,4,2,2,4,2,1,3,No
21,3,756,1,1,1,5,1,0,99,2,1,8,2,1,2174,9150,1,1,11,3,3,80,0,3,3,3,3,2,1,2,Yes
41,2,509,2,7,2,5,2,0,43,4,1,6,3,2,3376,18863,1,0,13,3,3,80,0,10,3,3,10,6,0,8,No
29,3,995,2,2,1,3,1,1,87,3,2,0,4,3,8853,24483,1,0,19,3,4,80,1,6,0,4,6,4,1,3,No
51,2,833,2,1,3,3,3,1,96,3,1,6,4,2,2723,23231,1,0,11,3,2,80,0,1,0,2,1,0,0,0,No
34,3,735,2,22,4,2,3,1,86,2,2,6,4,2,5747,26496,1,1,15,3,2,80,0,16,3,3,15,10,6,11,No
40,2,676,2,9,4,3,4,1,86,3,1,2,1,1,2018,21831,3,0,14,3,2,80,0,15,3,1,5,4,1,0,Yes
42,3,458,2,26,5,4,1,0,60,3,3,5,1,2,13191,23281,3,1,17,3,3,80,0,20,6,3,1,0,0,0,No
39,2,1462,1,6,3,4,4,1,38,4,3,7,3,2,8237,4658,2,0,11,3,1,80,1,11,3,3,7,6,7,6,No
40,2,329,2,1,4,3,2,1,88,3,1,2,2,2,2387,6762,3,0,22,4,3,80,1,7,3,3,4,2,0,3,No
45,2,538,2,1,4,5,1,1,66,3,3,0,2,3,7441,20933,1,0,12,3,1,80,3,10,4,3,10,8,7,7,No
40,2,1194,2,2,4,4,3,0,98,3,1,6,3,2,2001,12549,2,0,14,3,2,80,3,20,2,3,5,3,0,2,No
34,3,988,0,23,3,0,2,0,43,3,3,1,1,3,9950,11533,9,1,15,3,3,80,3,11,2,3,3,2,0,2,Yes
50,2,813,2,17,5,3,4,0,50,2,3,5,1,3,13269,21981,5,0,15,3,3,80,3,19,3,3,14,11,1,11,No
37,3,319,1,4,4,1,1,1,41,3,1,8,4,3,2793,2539,4,0,17,3,3,80,1,13,2,3,9,8,5,8,No
29,3,337,2,14,1,2,3,0,84,3,3,0,4,1,7553,22930,0,1,12,3,1,80,0,9,1,3,8,7,7,7,Yes
31,3,1125,1,7,4,1,1,0,68,3,3,7,1,2,9637,8277,2,0,14,3,4,80,2,9,3,3,3,2,2,2,No
38,2,1153,2,6,2,2,4,0,40,2,1,2,3,2,3702,16376,1,0,11,3,2,80,1,5,3,3,5,4,0,4,No
27,3,1242,1,20,3,3,4,0,90,3,2,7,3,1,9981,12916,1,0,14,3,4,80,0,7,2,3,7,7,0,7,No
41,2,933,2,9,4,3,3,1,94,3,1,2,1,2,2238,6961,2,0,21,4,4,80,1,7,2,3,5,0,1,4,No
40,2,1308,2,14,3,4,3,1,44,2,5,5,3,1,19626,17544,1,0,14,3,1,80,0,21,2,4,20,7,4,9,No
30,2,1329,1,29,4,3,3,1,61,3,2,7,1,3,4115,13192,8,0,19,3,3,80,3,8,3,3,4,3,0,3,No
30,2,853,2,7,4,3,3,1,49,3,2,2,3,3,3491,11309,1,0,13,3,1,80,3,10,4,2,10,7,8,9,No
34,2,546,2,10,3,3,2,1,83,3,1,2,2,3,2008,6896,1,0,14,3,2,80,2,1,3,3,1,0,1,0,No
40,2,118,1,14,2,3,4,0,84,3,2,7,1,2,4639,11262,1,0,15,3,3,80,1,5,2,3,5,4,1,2,No
29,2,1090,1,10,3,1,4,1,83,3,1,8,2,3,2297,17967,1,0,14,3,4,80,2,2,2,3,2,2,2,2,No
46,2,1450,2,15,2,3,4,1,52,3,5,5,2,2,19081,10849,5,0,11,3,1,80,1,25,2,3,4,2,0,3,No
41,2,802,1,9,1,3,3,1,96,3,3,7,3,3,8189,21196,3,1,13,3,3,80,1,12,2,3,9,7,0,7,No
39,0,1251,1,21,4,3,1,0,32,1,2,7,3,2,5736,3987,6,0,19,3,3,80,1,10,1,3,3,2,1,2,No
29,3,490,2,10,3,3,4,0,61,3,1,6,2,3,3291,17940,0,0,14,3,4,80,2,8,2,2,7,5,1,1,No
52,2,1490,2,4,2,3,4,0,30,3,4,3,4,2,16555,10310,2,0,13,3,4,80,0,31,2,1,5,2,1,4,No
37,2,1439,2,4,1,3,3,1,54,3,1,6,3,2,2996,5182,7,1,15,3,4,80,0,8,2,3,6,4,1,3,No
44,2,528,0,1,3,3,3,0,44,3,1,1,4,3,3195,4167,4,1,18,3,1,80,3,8,2,3,2,2,2,2,No
45,3,306,1,26,4,3,1,0,100,3,2,7,1,2,4286,5630,2,0,14,3,4,80,2,5,4,3,1,1,0,0,Yes
47,3,1309,1,4,1,4,2,1,99,3,2,8,3,1,2976,25751,3,0,19,3,1,80,0,5,3,3,0,0,0,0,No
37,2,1107,2,14,3,3,4,0,95,3,1,2,1,3,3034,26914,1,0,12,3,3,80,1,18,2,2,18,7,12,17,No
41,2,1102,1,1,2,3,2,0,94,3,2,7,4,1,5993,19479,8,1,11,3,1,80,0,8,0,1,6,4,0,5,Yes
57,2,593,2,1,4,4,4,1,88,3,2,0,3,2,6755,2967,2,0,11,3,3,80,0,15,2,3,3,2,1,2,No
18,0,247,2,8,1,4,3,1,80,3,1,2,3,1,1904,13556,1,0,12,3,4,80,0,0,0,3,0,0,0,0,Yes
32,0,1146,2,15,4,4,3,0,34,3,2,0,4,3,6667,16542,5,0,18,3,2,80,1,9,6,3,5,1,1,2,No
33,2,211,1,16,3,3,1,0,74,3,3,7,1,1,8564,10092,2,1,20,4,3,80,0,11,2,2,0,0,0,0,Yes
32,0,300,2,1,3,3,4,1,61,3,1,2,4,3,2314,9148,0,0,12,3,2,80,1,4,2,3,3,0,0,2,No
39,0,592,2,2,3,3,1,0,54,2,1,2,1,1,3646,17181,2,1,23,4,2,80,0,11,2,4,1,0,0,0,Yes
58,2,601,2,7,4,4,3,0,53,2,3,4,1,2,10008,12023,7,1,14,3,4,80,0,31,0,2,10,9,5,9,Yes
31,2,828,1,2,1,3,2,1,77,3,2,7,4,1,6582,8346,4,1,13,3,3,80,0,10,2,4,6,5,0,5,No
39,2,360,2,23,3,4,3,1,93,3,1,6,1,1,3904,22154,0,0,13,3,1,80,0,6,2,3,5,2,0,3,Yes
27,2,608,2,1,2,3,3,0,68,3,3,4,1,2,7412,6009,1,0,11,3,4,80,0,9,3,3,9,7,0,7,No
44,2,1097,2,10,4,3,3,1,96,3,1,6,3,1,2936,10826,1,1,11,3,3,80,0,6,4,3,6,4,0,2,Yes
45,2,974,2,1,4,4,4,0,91,3,1,2,4,3,2270,11005,3,0,14,3,4,80,2,8,2,3,5,3,0,2,No
40,3,530,2,1,4,3,3,1,78,2,4,0,2,2,13503,14115,1,0,22,4,4,80,1,22,3,2,22,3,11,11,No
47,0,1162,2,1,1,4,3,0,98,3,3,5,2,2,11957,17231,0,0,18,3,1,80,2,14,3,1,13,8,5,12,No
34,2,629,2,27,2,4,4,0,95,3,1,6,2,1,2311,5711,2,0,15,3,4,80,0,9,3,3,3,2,1,2,No
44,2,200,2,29,4,2,4,1,32,3,2,6,4,1,4541,7744,1,0,25,4,2,80,0,20,3,3,20,11,13,17,No
36,3,607,1,7,3,1,1,0,83,4,2,7,1,2,4639,2261,2,0,16,3,4,80,1,17,2,2,15,7,6,13,No
27,0,1277,2,8,5,3,1,1,87,1,1,2,3,2,4621,5869,1,0,19,3,4,80,3,3,4,3,3,2,1,2,No
24,2,1448,1,1,1,5,1,0,62,3,1,8,2,1,3202,21972,1,1,16,3,2,80,0,6,4,3,5,3,1,4,Yes
39,3,505,2,2,4,5,3,0,64,3,3,0,3,1,10938,6420,0,0,25,4,4,80,0,20,1,3,19,6,11,8,No
36,2,318,2,9,3,4,4,1,79,2,1,6,3,2,3388,21777,0,1,17,3,1,80,1,2,0,2,1,0,0,0,Yes
50,3,809,1,12,3,1,3,0,77,3,3,7,4,1,9208,6645,4,0,11,3,4,80,0,16,3,3,2,2,2,1,No
41,2,334,1,2,4,3,4,1,88,3,4,3,2,1,16015,15896,1,0,19,3,2,80,0,22,2,3,22,10,0,4,No
31,2,330,2,22,4,4,4,1,98,3,2,4,3,2,6179,21057,1,1,15,3,4,80,2,10,3,2,10,2,6,7,Yes
39,3,672,2,7,2,4,3,1,54,2,5,3,4,2,19272,21141,1,0,15,3,1,80,1,21,2,3,21,9,13,3,No
44,2,1037,2,1,3,4,2,1,42,3,1,6,4,1,2436,13422,6,1,12,3,3,80,0,6,2,3,4,3,1,2,No
33,2,575,2,25,3,3,4,1,44,2,2,4,2,1,4320,24152,1,0,13,3,4,80,0,5,2,3,5,3,0,2,No
33,2,1216,1,8,4,1,3,1,39,3,2,7,3,3,7104,20431,0,0,12,3,4,80,0,6,3,3,5,0,1,2,No
37,2,367,2,25,2,4,3,0,52,2,2,0,4,3,5731,17171,7,0,13,3,3,80,2,9,2,3,6,2,1,3,No
37,2,921,2,10,3,4,3,0,98,3,1,2,1,2,3452,17663,6,0,20,4,2,80,1,17,3,3,5,4,0,3,No
27,2,1420,1,2,1,1,3,1,85,3,1,8,1,3,3041,16346,0,0,11,3,2,80,1,5,3,3,4,3,0,2,Yes
29,2,408,2,25,5,5,3,0,71,2,1,6,2,2,2546,18300,5,0,16,3,2,80,0,6,2,4,2,2,1,1,Yes
44,2,477,2,7,4,4,1,0,42,2,3,0,4,2,10248,2094,3,0,14,3,4,80,1,24,4,3,22,6,5,17,No
23,2,885,2,4,3,4,1,1,58,4,1,6,1,2,2819,8544,2,0,16,3,1,80,1,5,3,4,3,2,0,2,No
43,0,1344,2,7,3,4,4,1,37,4,1,6,4,3,2089,5228,4,0,14,3,4,80,3,7,3,4,5,4,2,2,No
29,2,806,2,7,3,5,2,0,39,3,1,2,3,3,3339,17285,3,1,13,3,1,80,2,10,2,3,7,7,7,7,Yes
27,3,1131,2,15,3,3,4,0,77,2,1,6,1,2,4774,23844,0,0,19,3,4,80,1,8,2,2,7,6,7,3,No
46,2,1254,1,10,3,3,3,0,64,3,3,7,2,2,7314,14011,5,0,21,4,3,80,3,14,2,3,8,7,0,7,Yes
32,2,120,2,6,5,3,3,1,43,3,1,6,3,1,3038,12430,3,0,20,4,1,80,0,8,2,3,5,4,1,4,No
37,0,1252,1,19,2,4,1,1,32,3,3,7,2,1,7642,4814,1,1,13,3,4,80,0,10,2,3,10,0,0,9,No
30,0,111,2,9,3,4,3,1,66,3,2,2,1,3,3072,11012,1,0,11,3,3,80,2,12,4,3,12,9,6,10,No
38,2,243,1,7,4,1,4,0,46,2,2,7,4,1,4028,7791,0,0,20,4,1,80,0,8,2,3,7,7,0,5,No
33,2,392,1,2,4,4,4,1,93,3,2,7,4,3,5505,3921,1,0,14,3,3,80,2,6,5,3,6,2,0,4,No
43,3,1001,2,9,5,4,4,1,72,3,2,2,3,3,5679,19627,3,1,13,3,2,80,1,10,3,3,8,7,4,7,No
32,2,548,2,1,3,3,2,1,66,3,2,6,2,2,6220,7346,1,0,17,3,2,80,2,10,3,3,10,4,0,9,No
31,2,741,2,2,4,3,2,1,69,3,1,2,3,2,3477,18103,1,0,14,3,4,80,1,6,2,4,5,2,0,3,No
52,2,1325,2,11,4,3,4,0,82,3,2,2,3,2,3149,21821,8,0,20,4,2,80,1,9,3,3,5,2,1,4,No
44,2,1448,1,28,3,4,4,0,53,4,4,7,4,2,13320,11737,3,1,18,3,3,80,1,23,2,3,12,11,11,11,No
29,2,1086,2,7,1,4,1,0,62,2,1,2,4,3,2532,6054,6,0,14,3,3,80,3,8,5,3,4,3,0,3,No
33,2,813,2,14,3,4,3,1,58,3,1,2,4,2,2436,22149,5,1,13,3,3,80,1,8,2,1,5,4,0,4,Yes
31,2,542,1,20,3,3,2,0,71,1,2,7,3,2,4559,24788,3,1,11,3,3,80,1,4,2,3,2,2,2,2,Yes
37,3,663,2,11,3,2,2,1,47,3,3,5,4,3,12185,10056,1,1,14,3,3,80,3,10,1,3,10,8,0,7,No
38,2,1495,2,4,2,4,4,0,87,3,1,2,3,2,3306,26176,7,0,19,3,4,80,1,7,5,2,0,0,0,0,No
33,2,931,2,14,3,4,4,0,72,3,1,6,2,2,2756,4673,1,0,13,3,4,80,1,8,5,3,8,7,1,6,No
27,2,1240,2,2,4,3,4,0,33,3,1,2,1,3,2341,19715,1,0,13,3,4,80,1,1,6,3,1,0,0,0,No
55,2,725,2,2,3,4,4,1,78,3,5,3,1,2,19859,21199,5,1,13,3,4,80,1,24,2,3,5,2,1,4,Yes
42,0,355,2,10,4,5,3,1,38,3,1,6,3,2,2936,6161,3,0,22,4,2,80,2,10,1,2,6,3,3,3,No
22,2,391,2,7,1,3,4,1,75,3,1,6,2,1,2472,26092,1,1,23,4,1,80,0,1,2,3,1,0,0,0,Yes
30,2,911,2,1,2,4,4,1,76,3,1,2,2,2,3748,4077,1,0,13,3,3,80,0,12,6,2,12,8,1,7,No
52,2,956,2,6,2,5,4,1,78,3,2,6,1,3,5577,22087,3,1,12,3,2,80,2,18,3,3,10,9,6,9,No
54,3,966,2,1,4,3,4,0,53,3,3,4,3,3,10502,9659,7,0,17,3,1,80,1,33,2,1,5,4,1,4,No
34,2,699,2,6,1,4,2,1,83,3,1,6,1,1,2960,17102,2,0,11,3,3,80,0,8,2,3,4,2,1,3,Yes
55,2,189,0,26,4,0,3,1,71,4,5,3,2,2,19636,25811,4,1,18,3,1,80,1,35,0,3,10,9,1,4,No
42,2,1147,0,10,3,0,3,0,31,3,4,3,1,2,16799,16616,0,0,14,3,3,80,1,21,5,3,20,7,0,9,No
40,2,107,1,10,3,5,2,0,84,2,2,7,2,3,6852,11591,7,0,12,3,2,80,1,7,2,4,5,1,1,3,No
31,3,163,2,24,1,5,4,0,30,3,2,4,4,1,5238,6670,2,0,20,4,4,80,0,9,3,2,5,4,1,4,No
41,3,143,1,4,3,1,1,1,56,3,2,7,2,1,9355,9558,1,0,18,3,3,80,0,8,5,3,8,7,7,7,Yes
32,0,862,1,2,1,3,3,0,76,3,1,8,1,3,2827,14947,1,0,12,3,3,80,3,1,3,3,1,0,0,0,No
38,0,1336,0,2,3,0,1,1,100,3,1,1,2,3,2592,7129,5,0,13,3,4,80,3,13,3,3,11,10,3,8,No
22,2,253,2,11,3,4,1,0,43,3,1,6,2,2,2244,24440,1,0,13,3,4,80,1,2,1,3,2,1,1,2,No
22,2,217,2,8,1,3,2,1,94,1,1,2,1,2,2451,6881,1,0,15,3,1,80,1,4,3,2,4,3,1,1,No
27,2,1134,2,16,4,5,3,0,37,3,1,2,2,2,2811,12086,9,0,14,3,2,80,1,4,2,3,2,2,2,2,No
38,2,723,1,2,4,1,2,0,77,1,2,8,4,2,5405,4244,2,1,20,4,1,80,2,20,4,2,4,2,0,3,No
29,2,232,2,19,3,5,4,1,34,3,2,4,4,3,4262,22645,4,0,12,3,2,80,2,8,2,4,3,2,1,2,No
31,2,746,2,8,4,3,3,0,61,3,2,4,4,1,4424,20682,1,0,23,4,4,80,0,11,2,3,11,7,1,8,No
55,0,177,2,8,1,4,4,1,37,2,4,0,2,3,13577,25592,1,1,15,3,4,80,1,34,3,3,33,9,15,0,No
59,2,818,0,6,2,4,2,1,52,3,1,1,3,2,2267,25657,8,0,17,3,4,80,0,7,2,2,2,2,2,2,No
48,2,163,1,2,5,1,2,0,37,3,2,7,4,2,4051,19658,2,0,14,3,1,80,1,14,2,3,9,7,6,7,No
43,3,313,2,21,3,4,4,1,61,3,1,2,4,2,2258,15238,7,0,20,4,1,80,1,8,1,3,3,2,1,2,No
33,2,134,2,2,3,3,3,1,90,3,1,6,4,1,2500,10515,0,0,14,3,1,80,0,4,2,4,3,1,0,2,No
53,2,1219,1,2,4,3,1,0,78,2,4,3,4,2,15427,22021,2,0,16,3,3,80,0,31,3,3,25,8,3,7,No
46,0,849,1,26,2,3,2,1,98,2,2,7,2,1,7991,25166,8,0,15,3,3,80,0,6,3,3,2,2,2,2,No
31,2,1398,0,8,2,4,4,0,96,4,1,1,2,1,2109,24609,9,0,18,3,4,80,0,8,3,3,3,2,0,2,No
38,2,343,2,15,2,3,3,1,92,2,3,5,4,3,11510,15682,0,1,14,3,2,80,1,12,3,3,11,10,2,9,No
55,2,1136,2,1,4,4,2,1,81,4,4,5,4,3,14732,12414,2,0,13,3,4,80,2,31,4,4,7,7,0,0,No
60,2,696,1,7,4,1,2,1,52,4,2,7,4,3,5220,10893,0,1,18,3,2,80,1,12,3,3,11,7,1,9,No
58,2,286,2,2,4,3,4,1,31,3,5,5,2,1,19246,25761,7,1,12,3,4,80,0,40,2,3,31,15,13,8,Yes
46,2,1277,1,2,3,3,3,1,74,3,3,7,4,3,10368,5596,4,1,12,3,2,80,1,13,5,2,10,6,0,3,No
56,2,310,2,7,2,5,4,1,72,3,1,2,3,2,2339,3666,8,0,11,3,4,80,1,14,4,1,10,9,9,8,Yes
33,3,1146,1,25,3,4,2,0,82,3,2,7,3,2,4539,4905,1,0,12,3,1,80,1,10,3,2,10,7,0,1,No
40,0,1142,2,8,2,3,4,1,72,3,2,0,4,3,4069,8841,3,1,18,3,3,80,0,8,2,3,2,2,2,2,No
27,3,1337,0,22,3,0,1,0,58,2,1,1,2,2,2863,19555,1,0,12,3,1,80,0,1,2,3,1,0,0,0,Yes
33,2,1069,2,1,3,3,2,0,42,2,2,0,4,1,6949,12291,0,0,14,3,1,80,0,6,3,3,5,0,1,4,No
40,2,575,1,22,2,1,3,1,68,2,2,7,3,2,6380,6110,2,1,12,3,1,80,2,8,6,3,6,4,1,0,Yes
34,0,967,2,16,4,5,4,1,85,1,1,6,1,2,2307,14460,1,1,23,4,2,80,1,5,2,3,5,2,3,0,Yes
48,2,277,2,6,3,3,1,1,97,2,2,0,3,1,4240,13119,2,0,13,3,4,80,0,19,0,3,2,2,2,2,No
54,2,431,2,7,4,4,4,0,68,3,2,6,4,2,6854,15696,4,0,15,3,2,80,1,14,2,2,7,1,1,7,No
20,2,500,1,2,3,4,3,0,49,2,1,8,3,1,2044,22052,1,0,13,3,4,80,0,2,3,2,2,2,0,2,Yes
43,0,343,2,9,3,3,1,1,52,3,1,6,3,1,2438,24978,4,0,13,3,3,80,0,7,2,2,3,2,1,2,No
29,2,726,2,29,1,3,4,1,93,1,2,0,3,3,6384,21143,8,0,17,3,4,80,2,11,3,3,7,0,1,6,No
34,0,999,2,26,1,5,1,0,92,2,1,6,3,3,2029,15891,1,0,20,4,3,80,3,5,2,3,5,4,0,0,No
42,3,933,2,19,3,4,3,1,57,4,1,6,3,3,2759,20366,6,1,12,3,4,80,0,7,2,3,2,2,2,2,Yes
27,2,486,2,8,3,4,2,0,86,4,1,6,3,2,3517,22490,7,0,17,3,1,80,0,5,0,3,3,2,0,2,No
19,2,419,1,21,3,2,4,1,37,2,1,8,2,1,2121,9947,1,1,13,3,2,80,0,1,3,4,1,0,0,0,Yes
39,2,466,2,1,1,3,4,0,65,2,4,4,4,2,12742,7060,1,0,16,3,3,80,1,21,3,3,21,6,11,8,No
59,2,1429,2,18,4,4,4,1,67,3,3,4,4,1,10512,20002,6,0,12,3,4,80,0,25,6,2,9,7,5,4,No
31,2,688,1,7,3,3,3,1,44,2,3,3,4,3,11557,25291,9,0,21,4,3,80,1,10,3,2,5,4,0,1,No
34,0,1381,1,4,4,1,3,0,72,3,2,7,3,2,6538,12740,9,0,15,3,1,80,1,6,3,3,3,2,1,2,No
31,2,154,1,7,4,3,2,1,41,2,1,8,3,2,2329,11737,3,0,15,3,2,80,0,13,2,4,7,7,5,2,No
53,3,124,1,2,3,1,3,0,38,2,3,7,2,2,7525,23537,2,0,12,3,1,80,1,30,2,3,15,7,6,12,No
41,2,582,2,28,4,3,1,0,60,2,4,4,2,2,13570,5640,0,0,23,4,3,80,1,21,3,3,20,7,0,10,No
54,2,1441,2,17,3,5,3,0,56,3,3,4,3,2,10739,13943,8,0,11,3,3,80,1,22,2,3,10,7,0,8,No
49,2,1261,2,7,3,2,2,1,31,2,3,0,3,1,10965,12066,8,0,24,4,3,80,0,26,2,3,5,2,0,0,No
46,2,1485,2,18,3,4,3,0,87,3,2,4,3,3,4810,26314,2,0,14,3,3,80,1,19,5,2,10,7,0,8,No
36,2,132,2,6,3,3,2,0,55,4,1,2,4,2,3038,22002,3,0,12,3,2,80,0,5,3,3,1,0,0,0,No
32,2,646,2,9,4,3,1,0,92,3,2,6,4,2,6322,18089,1,1,12,3,4,80,1,6,2,2,6,4,0,5,No
29,2,718,2,8,1,4,2,1,79,2,2,4,4,2,5056,17689,1,1,15,3,3,80,1,10,2,2,10,7,1,2,No
37,2,290,2,21,3,3,2,1,65,4,1,6,1,2,3564,22977,1,1,12,3,1,80,1,8,3,2,8,7,1,7,No
51,2,1318,1,26,4,1,1,0,66,3,4,3,3,2,16307,5594,2,0,14,3,3,80,1,29,2,2,20,6,4,17,No
34,2,1031,2,6,4,3,3,0,45,2,2,6,2,3,4505,15000,6,0,15,3,3,80,1,12,3,3,1,0,0,0,No
40,2,1398,1,2,4,3,3,0,79,3,5,3,3,2,18041,13022,0,0,14,3,4,80,0,21,2,3,20,15,1,12,No
38,3,1444,0,1,4,2,4,1,88,3,1,1,2,2,2991,5224,0,1,11,3,2,80,1,7,2,3,6,2,1,2,No
48,2,855,2,4,3,3,4,1,54,3,3,4,4,1,7898,18706,1,0,11,3,3,80,0,11,2,3,10,9,0,8,No
42,2,933,2,29,3,3,2,1,98,3,2,4,2,2,4434,11806,1,0,13,3,4,80,1,10,3,2,9,8,7,8,No
31,0,697,2,10,3,4,3,0,40,3,3,5,3,2,11031,26862,4,0,20,4,3,80,1,13,2,4,11,7,4,8,No
46,2,669,1,9,2,4,3,1,64,2,3,7,4,1,9619,13596,1,0,16,3,4,80,0,9,3,3,9,8,4,7,Yes
29,3,746,1,24,3,5,3,1,45,4,1,8,1,1,1091,10642,1,0,17,3,4,80,0,1,3,3,1,0,0,0,Yes
42,0,335,2,23,2,3,4,1,37,2,2,6,3,1,4332,14811,1,0,12,3,4,80,0,20,2,3,20,9,3,7,No
39,3,945,2,22,3,4,4,0,82,3,3,4,1,1,10880,5083,1,1,13,3,3,80,0,21,2,3,21,6,2,8,No
22,2,604,2,6,1,4,1,1,69,3,1,6,3,2,2773,12145,0,0,20,4,4,80,0,3,3,3,2,2,2,2,No
29,2,153,2,15,2,3,4,0,49,2,2,2,3,1,4193,12682,0,1,12,3,4,80,0,10,3,3,9,5,0,8,No
43,2,1473,2,8,4,2,3,0,74,3,2,0,3,3,4522,2227,4,1,14,3,4,80,0,8,3,3,5,2,0,2,No
31,2,616,2,12,3,4,4,0,41,3,2,0,4,2,5855,17369,0,1,11,3,3,80,2,10,2,1,9,7,8,5,No
32,2,1259,2,2,4,3,4,1,95,3,1,2,2,1,1393,24852,1,0,12,3,1,80,0,1,2,3,1,0,0,0,Yes
38,2,1206,2,9,2,3,2,1,71,3,1,6,4,3,4771,14293,2,0,19,3,4,80,2,10,0,4,5,2,0,3,No
20,2,129,2,4,3,5,1,1,84,3,1,2,1,1,2973,13008,1,0,19,3,2,80,0,1,2,3,1,0,0,0,Yes
56,2,718,2,4,4,5,4,0,92,3,5,3,1,3,19943,18575,4,0,13,3,4,80,1,28,2,3,5,2,4,2,No
34,3,303,1,2,4,1,3,0,75,3,1,8,3,2,2231,11314,6,0,18,3,4,80,1,6,3,3,4,3,1,2,No
31,2,1332,2,11,2,4,3,1,80,3,2,0,1,2,6833,17089,1,1,12,3,4,80,0,6,2,2,6,5,0,1,No
48,3,365,2,4,5,4,3,1,89,2,4,3,4,2,15202,5602,2,0,25,4,2,80,1,23,3,3,2,2,2,2,No
40,2,1416,2,2,2,4,1,1,49,3,5,5,3,3,19436,5949,0,0,19,3,4,80,1,22,5,3,21,7,3,9,No
40,2,1124,1,1,2,4,2,1,57,1,2,7,4,2,7457,13273,2,1,22,4,3,80,3,6,2,2,4,3,0,2,No
34,2,1107,0,9,4,5,1,0,52,3,1,1,3,2,2742,3072,1,0,15,3,4,80,0,2,0,3,2,2,2,2,Yes
34,3,560,2,1,4,2,4,1,91,3,1,6,1,3,2996,20284,5,0,14,3,3,80,2,10,2,3,4,3,1,3,No
40,2,300,1,26,3,1,3,1,74,3,2,7,1,2,8396,22217,1,0,14,3,2,80,1,8,3,2,7,7,7,5,No
34,3,234,2,9,4,3,4,1,93,3,2,2,1,2,5346,6208,4,0,17,3,3,80,1,11,3,2,7,1,0,7,Yes
36,2,660,2,15,3,2,1,1,81,3,2,2,3,3,4834,7858,7,0,14,3,2,80,1,9,3,2,1,0,0,0,Yes
34,2,419,2,7,4,3,1,0,53,3,3,5,2,1,11994,21293,0,0,11,3,3,80,0,13,4,3,12,6,2,11,No
42,2,1332,2,2,4,2,1,1,98,2,2,0,4,1,6781,17078,3,0,23,4,2,80,0,14,6,3,1,0,0,0,No
30,3,600,0,8,3,0,3,0,66,2,1,1,4,3,2180,9732,6,0,11,3,3,80,1,6,0,2,4,2,1,2,Yes
54,2,548,2,8,4,3,3,0,42,3,2,2,3,1,3780,23428,7,0,11,3,3,80,0,19,3,3,1,0,0,0,No
49,2,1245,2,18,4,3,4,1,58,2,5,5,3,3,19502,2125,1,1,17,3,3,80,1,31,5,3,31,9,0,9,No
29,2,992,2,1,3,5,3,1,85,3,1,6,3,1,2058,19757,0,0,14,3,4,80,0,7,1,2,6,2,1,5,Yes
38,3,1394,2,8,3,4,4,0,58,2,2,6,2,3,2133,18115,1,1,16,3,3,80,1,20,3,3,20,11,0,7,No
39,2,116,2,24,1,3,1,1,52,3,2,6,4,1,4108,5340,7,0,13,3,1,80,0,18,2,3,7,7,1,7,No
46,3,638,2,1,3,4,3,1,40,2,3,0,1,2,10673,3142,2,1,13,3,3,80,1,21,5,2,10,9,9,5,No
54,2,971,2,1,3,4,4,0,54,3,4,5,4,1,17328,5652,6,0,19,3,4,80,0,29,3,2,20,7,12,7,No
45,0,805,2,4,2,3,3,1,57,3,2,2,2,2,4447,23163,1,0,12,3,2,80,0,9,5,2,9,7,0,8,No
27,2,205,1,10,3,1,4,0,98,2,2,7,4,2,5769,7100,1,1,11,3,4,80,0,6,3,3,6,2,4,4,No
45,2,194,2,9,3,3,2,1,60,3,2,2,2,3,2348,10901,8,0,18,3,3,80,1,20,2,1,17,9,0,15,No
31,2,196,1,29,4,1,1,0,91,2,2,7,4,2,5468,13402,1,0,14,3,1,80,2,13,3,3,12,7,5,7,No
27,2,155,2,4,3,3,2,1,87,4,2,4,2,2,6142,5174,1,1,20,4,2,80,1,6,0,3,6,2,0,3,No
44,2,1376,0,1,2,4,2,1,91,2,3,1,1,2,10482,2326,9,0,14,3,4,80,1,24,1,3,20,6,3,6,Yes
38,0,152,1,10,3,5,3,0,85,3,2,7,4,1,5666,19899,1,1,13,3,2,80,0,6,1,3,5,3,1,3,No
30,2,793,2,16,1,3,2,1,33,3,1,6,4,2,2862,3811,1,0,12,3,2,80,1,10,2,2,10,0,0,8,No
20,2,959,2,1,3,3,4,0,83,2,1,6,2,1,2836,11757,1,0,13,3,4,80,0,1,0,4,1,0,0,0,No
38,2,268,2,2,5,4,4,1,92,3,1,6,3,2,3057,20471,6,1,13,3,2,80,1,6,0,1,1,0,0,1,No
50,3,959,1,1,4,2,4,1,81,3,2,7,3,1,4728,17251,3,1,14,3,4,80,0,5,4,3,0,0,0,0,Yes
36,2,1278,0,8,3,3,1,1,77,2,1,1,1,2,2342,8635,0,0,21,4,3,80,0,6,3,3,5,4,0,3,No
42,2,1210,2,2,3,4,3,1,68,2,1,2,2,2,4841,24052,4,0,14,3,2,80,1,4,3,3,1,0,0,0,No
58,3,1216,2,15,4,3,1,1,87,3,4,5,3,2,15787,21624,2,1,14,3,2,80,0,23,3,3,2,2,2,2,No
41,2,167,2,12,4,3,2,1,46,3,1,2,4,2,4766,9051,3,1,11,3,1,80,1,6,4,3,1,0,0,0,No
43,3,394,1,26,2,3,3,1,92,3,4,3,4,2,16959,19494,1,1,12,3,4,80,2,25,3,4,25,12,4,12,No
32,2,374,2,25,4,3,1,1,87,3,1,2,4,1,2795,18016,1,1,24,4,3,80,0,1,2,1,1,0,0,1,Yes
31,2,408,2,9,4,3,3,1,42,2,1,6,2,1,2657,7551,0,1,16,3,4,80,0,3,5,3,2,2,2,2,No
45,2,1385,2,20,2,4,3,1,79,3,4,0,4,2,13496,7501,0,1,14,3,2,80,0,21,2,3,20,7,4,10,No
32,2,604,1,8,3,4,3,1,56,4,2,7,4,2,6209,11693,1,0,15,3,3,80,2,10,4,4,10,7,0,8,No
34,3,1003,2,2,2,3,4,1,95,3,2,4,3,1,4033,15834,2,0,11,3,4,80,0,5,3,2,3,2,0,2,No
40,3,1184,1,2,4,4,2,1,62,3,2,7,2,2,4327,25440,5,0,12,3,4,80,3,5,2,3,0,0,0,0,No
34,0,1065,1,23,4,1,2,1,72,3,2,7,3,1,4568,10034,0,0,20,4,3,80,0,10,2,3,9,5,8,7,No
33,0,775,2,4,3,5,4,1,90,3,2,6,2,3,3055,6194,5,0,15,3,4,80,2,11,2,2,9,8,1,7,No
32,2,499,1,2,1,1,3,1,36,3,2,7,2,2,4078,20497,0,1,13,3,1,80,3,4,3,2,3,2,1,2,No
20,2,654,1,21,3,1,3,1,43,4,1,8,4,1,2678,5050,1,0,17,3,4,80,0,2,2,3,2,1,2,2,No
36,2,796,2,12,5,4,4,0,51,2,3,4,4,1,8858,15669,0,0,11,3,2,80,0,15,2,2,14,8,7,8,No
27,2,591,2,2,1,4,1,1,40,3,1,2,2,2,3468,16632,9,0,12,3,4,80,1,6,3,3,2,2,2,2,No
37,2,589,1,9,2,1,2,1,46,2,2,7,2,2,4189,8800,1,0,14,3,1,80,2,5,2,3,5,2,0,3,No
46,2,488,1,2,3,5,3,0,75,1,4,3,2,2,16872,14977,3,1,12,3,2,80,1,28,2,2,7,7,7,7,No
45,2,1329,2,2,2,2,4,0,59,2,2,4,4,3,5770,5388,1,0,19,3,1,80,2,10,3,3,10,7,3,9,No
34,2,1480,1,4,3,3,3,1,64,3,3,7,4,2,9713,24444,2,1,13,3,4,80,3,9,3,3,5,3,1,0,No
22,3,1368,2,4,1,5,3,1,99,2,1,2,3,1,3894,9129,5,0,16,3,3,80,0,4,3,3,2,2,1,2,Yes
29,2,224,2,1,4,5,1,1,100,2,1,6,1,1,2362,7568,6,0,13,3,3,80,0,11,2,1,9,7,0,7,Yes
40,3,593,2,9,4,4,2,0,88,3,3,5,3,1,13499,13782,9,0,17,3,3,80,0,20,3,2,18,7,2,13,No
31,2,359,0,18,5,0,4,1,89,4,1,1,1,2,2956,21495,0,0,17,3,3,80,0,2,4,3,1,0,0,0,Yes
39,2,1132,2,1,3,4,3,1,48,4,3,0,4,3,9613,10942,0,0,17,3,1,80,3,19,5,2,18,10,3,7,No
34,2,182,2,1,4,3,2,0,72,4,1,6,4,1,3280,13551,2,0,16,3,3,80,0,10,2,3,4,2,1,3,No
48,2,626,2,1,2,3,1,1,98,2,3,2,3,1,5381,19294,9,1,13,3,4,80,0,23,2,3,1,0,0,0,Yes
39,2,1387,2,10,5,4,2,1,76,3,2,4,1,2,5377,3835,2,0,13,3,4,80,3,10,3,3,7,7,7,7,No
31,3,853,2,1,1,3,3,0,96,3,2,4,1,2,4148,11275,1,0,12,3,3,80,1,4,1,3,4,3,0,3,No
27,2,199,2,6,3,3,4,1,55,2,1,6,3,2,2539,7950,1,0,13,3,3,80,1,4,0,3,4,2,2,2,No
34,2,479,2,7,4,4,1,1,35,3,1,6,4,1,2972,22061,1,0,13,3,3,80,0,1,4,1,1,0,0,0,No
24,3,535,1,24,3,4,4,1,38,3,1,8,4,2,2400,5530,0,0,13,3,3,80,2,3,3,3,2,2,2,1,No
51,2,1405,2,11,2,5,4,0,82,2,4,4,2,1,13142,24439,3,0,16,3,2,80,0,29,1,2,5,2,0,3,No
50,0,881,2,2,4,3,1,1,98,3,4,3,1,3,17924,4544,1,0,11,3,4,80,1,31,3,3,31,6,14,7,No
31,2,329,2,1,2,3,4,1,98,2,1,2,1,2,2218,16193,1,0,12,3,3,80,1,4,3,3,4,2,3,2,No
36,2,913,2,9,2,4,2,1,48,2,2,4,2,3,8847,13934,2,1,11,3,3,80,1,13,2,3,3,2,0,2,No
27,2,1377,1,2,3,3,4,1,74,3,2,7,3,1,4478,5242,1,1,11,3,1,80,0,5,3,3,5,4,0,4,No
38,2,371,2,2,3,3,4,1,45,3,1,6,4,1,3944,4306,5,1,11,3,3,80,0,6,3,3,3,2,1,2,No
40,2,658,1,10,4,1,1,1,67,2,3,7,2,3,9705,20652,2,0,12,3,2,80,1,11,2,2,1,0,0,0,No
43,2,1273,2,2,2,4,4,0,72,4,1,6,3,3,2645,21923,1,0,12,3,4,80,2,6,3,2,5,3,1,4,No
27,2,1167,2,4,2,3,1,1,76,3,1,6,3,3,2517,3208,1,0,11,3,2,80,3,5,2,3,5,3,0,3,No
34,3,135,2,19,3,4,3,0,46,3,2,2,2,3,4444,22534,4,0,13,3,3,80,2,15,2,4,11,8,5,10,No
27,3,294,2,10,2,3,4,1,32,3,3,4,1,3,8793,4809,1,0,21,4,3,80,2,9,4,2,9,7,1,7,No
59,2,1089,1,1,2,5,2,1,66,3,3,3,4,2,11904,11038,3,1,14,3,3,80,1,14,1,1,6,4,0,4,No
44,3,1193,2,2,1,4,2,1,86,3,3,4,3,1,10209,19719,5,1,18,3,2,80,0,16,2,2,2,2,2,2,No
23,2,977,2,10,3,5,4,1,45,4,1,6,3,2,2073,12826,2,0,16,3,4,80,1,4,2,3,2,2,2,2,No
38,2,330,2,17,1,3,3,0,65,2,3,0,3,2,8823,24608,0,0,18,3,1,80,1,20,4,2,19,9,1,9,No
43,2,782,2,6,4,2,2,1,50,2,4,5,4,3,16627,2671,4,1,14,3,3,80,1,21,3,2,1,0,0,0,No
32,3,967,1,8,3,1,2,0,43,3,3,7,4,1,8998,15589,1,0,14,3,4,80,0,9,2,3,9,8,3,7,No
19,2,645,2,9,2,3,3,1,54,3,1,6,1,1,2552,7172,1,0,25,4,3,80,0,1,4,3,1,1,0,0,No
45,2,930,1,9,3,1,4,1,74,3,3,7,1,3,10761,19239,4,1,12,3,3,80,1,18,2,3,5,4,0,2,No
36,0,1434,1,8,4,3,1,1,76,2,3,7,1,1,7587,14229,1,0,15,3,2,80,0,10,1,3,10,7,0,9,No
43,2,574,2,11,3,3,1,1,30,3,3,0,3,2,7510,16873,1,0,17,3,2,80,1,10,1,3,10,9,0,9,No
22,0,1123,2,16,2,4,4,1,96,4,1,2,4,3,2935,7324,1,1,13,3,2,80,2,1,2,2,1,0,0,0,No
19,2,528,1,22,1,1,4,1,50,3,1,8,3,1,1675,26820,1,1,19,3,4,80,0,0,2,2,0,0,0,0,Yes
36,2,429,2,2,4,3,3,0,53,3,2,4,2,1,5410,2323,9,1,11,3,4,80,0,18,2,3,16,14,5,12,No
31,3,703,1,2,3,3,3,0,90,2,1,8,4,1,2785,11882,7,0,14,3,3,80,0,3,3,4,1,0,0,0,Yes
36,3,688,2,4,2,3,4,0,97,3,2,4,2,3,5131,9192,7,0,13,3,2,80,3,18,3,3,4,2,0,2,No
52,2,699,2,1,4,3,3,1,65,2,5,3,3,2,19999,5678,0,0,14,3,1,80,1,34,5,3,33,18,11,9,No
39,0,1485,2,25,2,3,3,1,71,3,3,0,3,2,10920,3449,3,0,21,4,2,80,1,13,2,3,6,4,0,5,No
52,0,585,1,29,4,3,1,1,40,3,1,8,4,3,3482,19788,2,0,15,3,2,80,2,16,3,2,9,8,0,0,No
32,3,585,2,10,3,3,1,1,56,3,1,6,3,2,3433,17360,6,0,13,3,1,80,1,10,3,2,5,2,1,3,No
34,3,702,2,16,4,3,3,0,100,2,1,6,4,1,2553,8306,1,0,16,3,3,80,0,6,3,3,5,2,1,3,No
31,2,140,2,12,1,4,3,0,95,3,1,6,4,2,3929,6984,8,1,23,4,3,80,1,7,0,3,4,2,0,2,No
18,2,812,1,10,3,4,4,0,69,2,1,8,3,1,1200,9724,1,0,12,3,1,80,0,0,2,3,0,0,0,0,No
21,2,1343,1,22,1,5,3,1,49,3,1,8,3,1,3447,24444,1,0,11,3,3,80,0,3,2,3,3,2,1,2,No
36,2,430,2,2,4,2,4,0,73,3,2,6,2,2,6962,19573,4,1,22,4,4,80,1,15,2,3,1,0,0,0,No
24,2,506,2,29,1,4,2,1,91,3,1,2,1,3,3907,3622,1,0,13,3,2,80,3,6,2,4,6,2,1,2,No
34,2,678,2,19,3,3,2,0,35,2,1,6,4,2,2929,20338,1,0,12,3,2,80,0,10,3,3,10,9,8,7,No
58,2,1145,2,9,3,4,2,0,75,2,1,6,2,2,3346,11873,4,1,20,4,2,80,1,9,3,2,1,0,0,0,No
29,3,410,2,2,1,3,4,0,97,3,1,2,2,2,3180,4668,0,0,13,3,3,80,3,4,3,3,3,2,0,2,No
29,2,1396,1,10,3,3,3,1,99,3,1,8,3,1,2642,2755,1,0,11,3,3,80,0,1,6,3,1,0,0,0,No
44,2,661,2,9,2,3,2,1,61,3,1,6,1,2,2559,7508,1,1,13,3,4,80,0,8,0,3,8,7,7,1,No
23,2,1320,2,8,1,4,4,1,93,2,1,2,3,1,3989,20586,1,1,11,3,1,80,0,5,2,3,5,4,1,2,Yes
36,2,329,1,16,4,1,3,0,98,2,2,7,1,2,5647,13494,4,0,13,3,1,80,2,11,3,2,3,2,0,2,No
46,2,717,2,13,4,3,3,1,34,3,2,0,2,1,5562,9697,6,0,14,3,4,80,0,19,3,3,10,7,0,9,No
40,2,523,2,2,3,3,3,1,98,3,2,6,4,1,4661,22455,1,0,13,3,3,80,0,9,4,3,9,8,8,8,No
55,2,147,2,20,2,5,2,1,37,3,2,2,4,2,5415,15972,3,1,19,3,4,80,1,12,4,3,10,7,0,8,No
32,3,1125,2,16,1,3,2,0,72,1,1,6,1,1,3919,4681,1,1,22,4,2,80,0,10,5,3,10,2,6,7,Yes
30,2,413,1,7,1,1,4,1,57,3,1,8,2,1,2983,18398,0,0,14,3,1,80,0,4,3,3,3,2,1,2,No
32,2,234,1,1,4,4,2,1,68,2,1,8,2,2,2269,18024,0,0,14,3,2,80,1,3,2,3,2,2,2,2,No
29,2,896,2,18,1,4,3,1,86,2,1,6,4,1,2389,14961,1,1,13,3,3,80,0,4,3,2,4,3,0,1,Yes
52,2,266,1,2,1,1,1,0,57,1,5,3,4,2,19845,25846,1,0,15,3,4,80,1,33,3,3,32,14,6,9,Yes
40,2,896,2,2,3,4,3,1,68,3,1,6,3,3,2345,8045,2,0,14,3,3,80,1,8,3,4,3,1,1,2,No
32,0,1474,1,11,4,2,4,1,60,4,2,7,3,2,4707,23914,8,0,12,3,4,80,0,6,2,3,4,2,1,2,Yes
33,0,1283,1,2,3,1,4,0,62,3,2,7,2,1,5147,10697,8,0,15,3,4,80,0,13,2,2,11,7,1,7,No
42,2,300,2,2,3,3,1,1,56,3,5,3,3,2,18880,17312,5,0,11,3,1,80,0,24,2,2,22,6,4,14,No
36,2,938,2,2,4,4,3,1,79,3,1,2,3,1,2519,12287,4,0,21,4,3,80,0,16,6,3,11,8,3,9,No
48,3,117,2,22,3,4,4,0,58,3,4,3,4,3,17174,2437,3,0,11,3,2,80,1,24,3,3,22,17,4,7,No
49,2,1418,2,1,3,5,3,0,36,3,1,6,1,2,3580,10554,2,0,16,3,2,80,1,7,2,3,4,2,0,2,No
43,2,244,0,2,3,3,2,1,97,3,1,1,4,1,3539,5033,0,0,13,3,2,80,0,10,5,3,9,7,1,8,No
37,2,671,2,19,3,3,3,1,85,3,2,4,3,2,5768,26493,3,0,17,3,1,80,3,9,2,2,4,3,0,2,No
45,2,1005,2,28,2,5,4,0,48,2,4,5,2,1,16704,17119,1,0,11,3,3,80,0,21,2,3,21,6,8,6,No
22,2,1256,2,19,1,4,3,1,80,3,1,6,4,2,2323,11992,1,0,24,4,1,80,2,2,6,3,2,2,2,2,No
56,2,206,0,8,4,3,4,1,99,3,5,3,2,1,19717,4022,6,0,14,3,1,80,0,36,4,3,7,3,7,7,No
49,2,174,1,8,4,5,4,1,56,2,4,7,2,2,13120,11879,6,0,17,3,2,80,1,22,3,3,9,8,2,3,No
24,3,897,0,10,3,4,1,1,59,3,1,1,4,2,2145,2097,0,0,14,3,4,80,1,3,2,3,2,2,2,1,No
46,2,150,2,2,4,5,4,1,60,3,2,4,4,3,7379,17433,2,0,11,3,3,80,1,12,3,2,6,3,1,4,No
45,2,1449,1,2,3,1,1,0,94,1,5,3,2,1,18824,2493,2,1,16,3,1,80,0,26,2,3,24,10,1,11,Yes
53,2,1436,1,6,2,1,2,1,34,3,2,8,3,2,2306,16047,2,1,20,4,4,80,1,13,3,1,7,7,4,5,No
45,2,556,2,25,2,3,2,0,93,2,2,4,4,2,5906,23888,0,0,13,3,4,80,2,10,2,2,9,8,3,8,No
33,3,1296,2,6,3,3,3,1,30,3,2,0,4,3,7725,5335,3,0,23,4,3,80,1,15,2,1,13,11,4,7,No
46,2,563,1,1,4,3,4,1,56,4,4,3,1,1,17567,3156,1,0,15,3,2,80,0,27,5,1,26,0,0,12,No
34,2,665,2,6,4,2,1,0,41,3,2,6,3,1,4809,12482,1,0,14,3,3,80,0,16,3,3,16,13,2,10,No
24,0,1092,2,9,3,3,3,1,60,2,1,2,2,3,2694,26551,1,0,11,3,3,80,3,1,4,3,1,0,0,0,No
45,0,336,1,26,3,1,1,1,52,2,2,7,1,2,4385,24162,1,0,15,3,1,80,1,10,2,3,10,7,4,5,No
41,2,645,1,1,3,1,2,1,49,4,3,7,1,2,8392,19566,1,0,16,3,3,80,1,10,2,3,10,7,0,7,No
36,3,635,2,18,1,4,2,0,73,3,1,2,4,1,2153,7703,1,0,13,3,1,80,0,8,2,3,8,1,1,7,No
23,2,571,2,12,2,2,4,1,78,3,1,2,4,1,2647,13672,1,0,13,3,3,80,0,5,6,4,5,2,1,4,No
38,3,216,2,23,3,3,4,1,44,2,3,4,3,1,9526,8787,0,0,21,4,2,80,0,10,2,3,9,7,1,8,No
31,2,182,2,8,5,3,1,0,93,3,4,5,2,1,16422,8847,3,0,11,3,3,80,0,9,3,4,3,2,1,0,No
43,3,1422,1,2,4,3,1,1,92,3,2,7,4,2,5675,19246,1,0,20,4,3,80,1,7,5,3,7,7,7,7,No
24,3,381,2,9,3,4,2,1,89,3,1,2,1,1,3172,16998,2,1,11,3,3,80,0,4,2,2,0,0,0,0,Yes
45,2,561,1,2,3,2,4,1,61,3,2,7,2,2,4805,16177,0,0,19,3,2,80,1,9,3,4,8,7,3,7,No
42,2,916,2,17,2,3,4,0,82,4,2,6,1,1,6545,23016,3,1,13,3,3,80,0,10,1,3,3,2,0,2,No
31,2,1062,2,24,3,4,3,0,96,2,2,0,1,1,6812,17198,1,0,19,3,2,80,0,10,2,3,10,9,1,8,No
32,3,116,2,13,3,2,3,0,77,2,1,2,2,2,2743,7331,1,0,20,4,3,80,1,2,2,3,2,2,2,2,No
23,2,1309,2,26,1,3,3,1,83,3,1,6,4,3,2904,16092,1,0,12,3,3,80,2,4,2,2,4,2,0,2,No
38,2,833,2,18,3,4,2,1,60,1,2,0,4,2,5811,24539,3,1,16,3,3,80,1,15,2,3,1,0,1,0,No
32,2,128,2,2,1,5,4,1,84,2,2,2,1,1,2176,19737,4,0,13,3,4,80,0,9,5,3,6,2,0,4,No
40,3,1395,2,26,3,4,2,0,54,3,2,6,2,3,5605,8504,1,0,11,3,1,80,1,20,2,3,20,7,2,13,No
37,2,446,2,1,4,3,2,0,65,3,2,4,2,2,6447,15701,6,0,12,3,2,80,1,8,2,2,6,5,4,3,No
24,0,1269,2,4,1,3,1,1,46,2,1,2,4,2,3162,10778,0,0,17,3,4,80,0,6,2,2,5,2,3,4,No
40,2,1322,2,2,4,3,3,1,52,2,1,6,3,1,2809,2725,2,0,14,3,4,80,0,8,2,3,2,2,2,2,No
36,0,1351,2,9,4,3,1,1,66,4,1,2,2,2,2810,9238,1,0,22,4,2,80,0,5,3,3,5,4,0,2,No
23,2,650,2,9,1,4,2,1,37,3,1,2,1,2,2500,4344,1,0,14,3,4,80,1,5,2,4,4,3,0,2,No
44,2,621,2,15,3,4,1,0,73,3,3,0,4,2,7978,14075,1,0,11,3,4,80,1,10,2,3,10,7,0,5,Yes
42,2,622,2,2,4,3,3,0,81,3,2,0,4,2,4089,5718,1,0,13,3,2,80,2,10,4,3,10,2,2,2,No
29,2,352,0,6,1,4,4,1,87,2,1,1,2,2,2804,15434,1,0,11,3,4,80,0,1,3,3,1,0,0,0,No
40,2,1329,2,7,3,3,1,1,73,3,1,2,1,1,2166,3339,3,1,14,3,2,80,0,10,3,1,4,2,0,3,Yes
30,2,1427,2,2,1,4,2,1,35,2,1,2,4,1,2720,11162,0,0,13,3,4,80,0,6,3,3,5,3,1,2,No
30,2,1082,1,12,3,5,2,0,83,3,2,7,3,1,6577,19558,0,0,11,3,2,80,0,6,6,3,5,4,4,4,No
42,0,495,2,2,1,3,3,1,37,3,4,3,3,2,17861,26582,0,1,13,3,4,80,0,21,3,2,20,8,2,10,No
42,2,419,1,12,4,1,2,1,77,3,2,7,4,3,5087,2900,3,1,12,3,3,80,2,14,4,3,0,0,0,0,No
40,2,989,2,4,1,4,4,0,46,3,5,3,3,2,19033,6499,1,0,14,3,2,80,1,21,2,3,20,8,9,9,No
49,2,722,2,25,4,3,3,0,84,3,1,2,1,2,3211,22102,1,0,14,3,4,80,1,10,3,2,9,6,1,4,No
55,2,436,1,2,1,4,3,1,37,3,2,7,4,1,5160,21519,4,0,16,3,3,80,0,12,3,2,9,7,7,3,Yes
30,2,438,2,18,3,3,1,0,75,3,1,6,3,1,2632,23910,1,0,14,3,3,80,0,5,4,2,5,4,0,4,No
50,0,145,1,1,3,3,4,0,95,3,2,7,3,2,6347,24920,0,0,12,3,1,80,1,19,3,3,18,7,0,13,No
42,0,926,2,21,2,4,3,0,36,3,2,4,3,3,5265,16439,2,0,16,3,2,80,1,11,5,3,5,3,0,2,No
33,2,117,2,9,3,4,1,1,60,3,1,6,4,2,2781,6311,0,0,13,3,2,80,1,15,5,3,14,10,4,10,No
50,2,797,2,4,1,3,1,1,96,3,5,5,2,3,19144,15815,3,0,14,3,1,80,2,28,4,2,10,4,1,6,No
29,2,1092,2,1,4,4,1,1,36,3,1,6,4,2,4787,26124,9,1,14,3,2,80,3,4,3,4,2,2,2,2,Yes
39,3,1218,2,1,1,3,2,1,52,3,5,3,3,3,19197,8213,1,1,14,3,3,80,1,21,3,3,21,8,1,6,No
56,2,441,2,14,4,3,2,0,72,3,1,6,2,2,4963,4510,9,1,18,3,1,80,3,7,2,3,5,4,4,3,Yes
55,2,1441,2,22,3,5,1,1,94,2,1,6,2,3,3537,23737,5,0,12,3,4,80,1,8,1,3,4,2,1,2,No
34,3,878,2,10,4,4,4,1,43,3,1,6,3,3,3815,5972,1,1,17,3,4,80,1,5,4,4,5,3,2,0,No
31,3,754,1,26,4,1,1,1,63,3,2,7,4,2,5617,21075,1,1,11,3,3,80,0,10,4,3,10,7,0,8,Yes
36,2,164,1,2,2,4,2,1,61,2,3,7,3,2,7596,3809,1,0,13,3,2,80,2,10,2,3,10,9,9,0,No
30,2,1092,2,10,3,4,1,0,64,3,3,4,3,1,9667,2739,9,0,14,3,2,80,0,9,3,3,7,7,0,2,No
45,2,1457,2,7,3,4,1,0,83,3,1,6,3,2,4477,20100,4,1,19,3,3,80,1,7,2,2,3,2,0,2,No
49,3,279,2,8,1,3,3,1,61,2,2,6,2,2,5130,24907,1,0,23,4,4,80,1,10,3,3,10,7,1,7,No
54,0,142,0,26,3,0,4,0,30,4,4,3,4,1,17328,13871,2,1,12,3,3,80,0,23,3,3,5,3,4,4,No
31,2,1276,2,2,1,4,4,0,59,1,1,2,4,3,1129,17536,1,1,11,3,3,80,3,1,4,3,1,0,0,0,No
41,0,256,1,10,2,4,3,1,40,1,2,7,2,1,6151,22074,1,0,13,3,1,80,0,19,4,3,19,2,11,9,No
32,2,414,1,2,4,1,3,1,82,2,2,7,2,1,9907,26186,7,1,12,3,3,80,0,7,3,2,2,2,2,2,Yes
38,3,594,2,2,2,4,3,0,75,2,1,2,2,2,2468,15963,4,0,14,3,2,80,1,9,4,2,6,1,0,5,No
21,2,1427,2,18,1,2,4,0,65,3,1,6,4,1,2693,8870,1,0,19,3,1,80,0,1,3,2,1,0,0,0,Yes
31,2,1079,1,16,4,1,1,1,70,3,3,7,3,2,8161,19002,2,0,13,3,1,80,3,10,2,3,1,0,0,0,Yes
40,2,750,2,12,3,3,2,0,47,3,2,0,1,3,4448,10748,2,0,12,3,2,80,1,15,3,3,7,4,7,7,No
52,2,723,2,8,4,4,3,1,85,2,2,6,2,2,4941,17747,2,0,15,3,1,80,0,11,3,2,8,2,7,7,Yes
37,3,1231,1,21,2,4,3,0,54,3,1,8,4,2,2973,21222,5,0,15,3,2,80,1,10,3,3,5,4,0,0,No
31,0,335,2,9,2,4,3,1,46,2,1,6,1,1,2321,10322,0,1,22,4,1,80,0,4,0,3,3,2,1,2,Yes
33,2,867,2,8,4,3,4,1,90,4,1,6,1,2,3143,6076,6,0,19,3,2,80,1,14,1,3,10,8,7,6,No
18,0,1124,2,1,3,3,4,0,97,3,1,2,4,1,1611,19305,1,0,15,3,3,80,0,0,5,4,0,0,0,0,No
52,3,890,2,25,4,4,3,0,81,2,4,4,4,2,13826,19028,3,0,22,4,3,80,0,31,3,3,9,8,0,0,No
42,3,1271,2,2,1,4,2,1,35,3,1,6,4,1,2515,9068,5,1,14,3,4,80,0,8,2,3,2,1,2,2,No
27,2,1054,2,8,3,4,3,0,67,3,1,6,4,1,3445,6152,1,0,11,3,3,80,0,6,5,2,6,2,1,4,No
37,2,161,2,10,3,3,3,0,42,4,3,5,4,2,13744,15471,1,1,25,4,1,80,1,16,2,3,16,11,6,8,No
49,2,1313,1,11,4,1,4,0,80,3,2,7,4,1,4507,8191,3,0,12,3,3,80,0,8,1,4,5,1,0,4,No
41,2,337,1,8,3,1,3,0,54,3,2,7,2,2,4393,26841,5,0,21,4,3,80,1,14,3,3,5,4,1,4,No
37,2,309,1,10,4,3,4,0,88,2,2,7,4,3,6694,24223,2,1,14,3,3,80,3,8,5,3,1,0,0,0,No
29,2,341,1,1,3,4,2,0,48,2,1,8,3,3,2800,23522,6,1,19,3,3,80,3,5,3,3,3,2,0,2,Yes
31,3,667,1,1,4,3,2,0,50,1,1,8,3,1,1359,16154,1,0,12,3,2,80,0,1,3,3,1,0,0,0,Yes
53,2,346,2,6,3,3,4,1,86,3,2,2,4,1,2450,10919,2,0,17,3,4,80,0,19,4,3,2,2,2,2,No
38,2,1333,2,1,3,5,4,0,80,3,3,5,1,2,13582,16292,1,0,13,3,2,80,1,15,3,3,15,12,5,11,No
37,2,571,2,10,1,3,4,0,82,3,1,6,1,3,2782,19905,0,1,13,3,2,80,2,6,3,2,5,3,4,3,No
30,2,1288,1,29,4,5,3,1,33,3,3,7,2,2,9250,17799,3,0,12,3,2,80,1,9,3,3,4,2,1,3,No
41,2,548,2,9,4,3,3,1,94,3,1,2,1,3,2289,20520,1,0,20,4,2,80,2,5,2,3,5,3,0,4,No
34,2,1442,2,9,3,4,4,0,46,2,3,0,2,1,8621,17654,1,0,14,3,2,80,0,9,3,4,8,7,7,7,No
47,2,1225,1,2,4,3,2,0,47,4,4,3,2,3,15972,21086,6,0,14,3,3,80,3,29,2,3,3,2,1,2,No
31,2,525,1,6,4,4,1,1,66,4,2,7,4,3,5460,6219,4,0,22,4,4,80,2,13,4,4,7,7,5,7,No
54,2,1217,2,2,4,5,1,0,60,3,3,5,3,2,13549,24001,9,0,12,3,1,80,1,16,5,1,4,3,0,3,No
47,2,465,2,1,3,5,1,1,74,3,1,6,4,2,3420,10205,7,0,12,3,3,80,1,17,2,2,6,5,1,2,No
55,2,478,2,2,3,4,3,1,60,2,5,5,1,2,19038,19805,8,0,12,3,2,80,3,34,2,3,1,0,0,0,No
50,2,804,2,9,3,3,1,1,64,3,1,2,4,2,2380,20165,4,0,18,3,2,80,0,8,5,3,1,0,0,0,No
33,2,147,0,2,3,0,2,1,99,3,1,1,3,2,3600,8429,1,0,13,3,4,80,1,5,2,3,5,4,1,4,No
44,2,1117,2,2,1,3,1,0,72,4,1,6,4,2,2011,19982,1,0,13,3,4,80,1,10,5,3,10,5,7,7,No
48,2,1221,1,7,3,1,3,1,96,3,2,7,1,3,5486,24795,4,0,11,3,1,80,3,15,3,3,2,2,2,2,No
50,2,1464,2,2,4,4,2,1,62,3,5,5,3,2,19237,12853,2,1,11,3,4,80,1,29,2,2,8,1,7,7,No
32,2,371,1,19,3,3,4,1,80,1,3,7,3,2,9610,3840,3,0,13,3,3,80,1,10,2,1,4,3,0,2,No
38,2,395,1,9,3,1,2,1,98,2,1,8,2,2,2899,12102,0,0,19,3,4,80,1,3,3,3,2,2,1,2,No
41,3,1018,1,1,3,1,3,0,66,3,2,7,1,3,4103,4297,0,0,17,3,4,80,1,10,2,3,9,3,1,7,No
58,2,682,1,10,4,4,4,1,37,3,4,7,3,1,13872,24409,0,0,13,3,3,80,0,38,1,2,37,10,1,8,No
48,0,1262,2,1,4,4,1,1,35,4,4,3,4,1,16885,16154,2,0,22,4,3,80,0,27,3,2,5,4,2,1,No
53,2,238,1,1,1,4,4,0,34,3,2,7,1,1,8381,7507,7,0,20,4,4,80,0,18,2,4,14,7,8,10,No
51,2,1323,2,4,4,3,1,1,34,3,1,6,3,2,2461,10332,9,1,12,3,3,80,3,18,2,4,10,0,2,7,Yes
27,3,472,2,1,1,5,3,1,60,2,2,4,1,2,4298,9679,5,0,19,3,3,80,1,6,1,3,2,2,2,0,No
44,3,383,1,1,5,1,1,0,79,3,2,7,3,2,4768,9282,7,0,12,3,3,80,1,11,4,2,1,0,0,0,No
27,2,1377,2,11,1,3,2,1,91,3,1,2,1,2,2099,7679,0,0,14,3,2,80,0,6,3,4,5,0,1,4,No
52,2,1323,2,2,3,3,3,0,89,2,1,2,4,1,3212,3300,7,0,15,3,2,80,0,6,3,2,2,2,2,2,No
34,0,1362,1,19,3,1,1,1,67,4,2,7,4,1,5304,4652,8,1,13,3,2,80,0,9,3,2,5,2,0,4,Yes
40,2,555,2,2,3,4,2,0,78,2,2,2,3,2,3448,13436,6,0,22,4,2,80,1,20,3,3,1,0,0,0,No
47,2,202,2,2,2,2,3,0,33,3,4,3,4,2,16752,12982,1,1,11,3,3,80,1,26,3,2,26,14,3,0,No
50,3,333,2,22,5,4,3,1,88,1,4,5,4,1,14411,24450,1,1,13,3,4,80,0,32,2,3,32,6,13,9,No
27,2,1354,2,2,4,5,2,1,41,3,1,6,2,2,2226,6073,1,0,11,3,3,80,1,6,3,2,5,3,1,2,No
48,2,817,1,2,1,1,2,1,56,4,2,7,2,2,8120,18597,3,0,12,3,4,80,0,12,3,3,2,2,2,2,No
36,2,1223,2,8,3,5,3,0,59,3,3,0,3,3,10096,8202,1,0,13,3,2,80,3,17,2,3,17,14,12,8,No
36,2,311,2,7,3,3,1,1,77,3,1,2,2,1,2013,10950,2,0,11,3,3,80,0,15,4,3,4,3,1,3,No
30,2,330,0,1,3,3,3,1,46,3,1,1,3,3,2064,15428,0,0,21,4,1,80,1,6,3,4,5,3,1,3,No
48,2,1236,2,1,4,3,4,0,40,2,4,3,1,2,15402,17997,7,0,11,3,1,80,1,21,3,1,3,2,0,2,No
55,2,1311,2,2,3,3,3,0,97,3,4,3,4,1,16659,23258,2,1,13,3,3,80,0,30,2,3,5,4,1,2,No
55,2,692,2,14,4,4,3,1,61,4,5,5,2,1,18722,13339,8,0,11,3,4,80,0,36,3,3,24,15,2,15,No
34,2,1333,1,10,4,3,3,0,87,3,1,8,3,2,2220,18410,1,1,19,3,4,80,1,1,2,3,1,1,0,0,No
30,3,334,1,26,4,1,3,0,52,2,2,7,1,1,6696,22967,5,0,15,3,3,80,0,9,5,2,6,3,0,1,Yes
54,3,1050,2,11,4,4,2,0,87,3,4,3,4,3,16032,24456,3,0,20,4,1,80,1,26,2,3,14,9,1,12,No
42,0,179,0,2,5,4,4,1,79,4,2,1,1,2,6272,12858,7,0,16,3,1,80,1,10,3,4,4,3,0,3,No
29,2,738,2,9,5,2,2,1,30,2,1,2,4,1,3983,7621,0,0,17,3,3,80,0,4,2,3,3,2,2,2,No
47,2,955,1,4,2,3,4,0,83,3,2,7,4,1,4163,8571,1,1,17,3,3,80,0,9,0,3,9,0,0,7,No
42,3,555,1,26,3,1,3,0,77,3,4,7,2,2,13525,14864,5,0,14,3,4,80,1,23,2,4,20,4,4,8,No
31,2,202,2,8,3,3,1,0,34,2,1,6,2,1,1261,22262,1,0,12,3,3,80,0,1,3,4,1,0,0,0,Yes
33,2,922,2,1,5,4,1,0,95,4,4,5,3,3,16184,22578,4,0,19,3,3,80,1,10,2,3,6,1,0,5,No
21,2,984,2,1,1,5,4,0,70,2,1,6,2,1,2070,25326,1,1,11,3,3,80,0,2,6,4,2,2,2,2,No
36,2,1403,2,6,3,3,4,1,47,3,1,2,4,2,3210,20251,0,0,11,3,3,80,1,16,4,3,15,13,10,11,No
43,2,930,2,6,3,4,1,0,73,2,2,6,3,1,4081,20003,1,1,14,3,1,80,0,20,3,1,20,7,1,8,No
49,0,1002,2,18,4,3,4,1,92,3,2,4,4,3,6804,23793,1,1,15,3,1,80,2,7,0,3,7,7,1,7,No
27,0,691,2,9,3,4,4,1,57,3,1,6,2,3,2024,5970,6,0,18,3,4,80,1,6,1,1,2,2,2,2,No
30,2,231,1,8,2,2,3,1,62,3,3,7,3,3,7264,9977,5,0,11,3,1,80,1,10,2,4,8,4,7,7,No
42,2,1059,2,9,2,2,4,1,93,2,5,3,4,1,19613,26362,8,0,22,4,4,80,0,24,2,3,1,0,0,1,No
23,2,310,2,10,1,4,1,1,79,4,1,6,3,1,3505,19630,1,0,18,3,4,80,0,2,3,3,2,2,0,2,No
24,2,1476,1,4,1,4,4,0,42,3,2,7,3,2,4162,15211,1,1,12,3,3,80,2,5,3,3,5,4,0,3,No
29,2,598,2,9,3,3,3,1,91,4,1,6,3,2,2451,22376,6,0,18,3,1,80,2,5,2,2,1,0,0,0,No
29,2,121,1,27,3,1,2,0,35,3,3,7,4,2,7639,24525,1,0,22,4,4,80,3,10,3,2,10,4,1,9,Yes
24,2,813,2,1,3,4,2,1,61,3,1,6,4,2,2293,3020,2,1,16,3,1,80,1,6,2,2,2,0,2,0,Yes
43,2,415,1,25,3,4,3,1,79,2,3,7,4,3,10798,5268,5,0,13,3,3,80,1,18,5,3,1,0,0,0,No
34,2,704,1,28,3,1,4,0,95,2,2,7,3,2,6712,8978,1,0,21,4,4,80,2,8,2,3,8,7,1,7,No
51,2,632,1,21,4,1,3,1,71,3,2,7,4,1,5441,8423,0,1,22,4,4,80,0,11,2,1,10,7,1,0,No
33,2,217,1,10,4,1,2,1,43,3,2,7,3,1,5487,10410,1,0,14,3,2,80,0,10,2,2,10,4,0,9,No
45,2,954,1,2,2,5,2,1,46,1,2,8,3,1,6632,12388,0,0,13,3,1,80,0,9,3,3,8,7,3,1,No
20,3,769,1,9,3,1,4,0,54,3,1,8,4,1,2323,17205,1,1,14,3,2,80,0,2,3,3,2,2,0,2,Yes
32,0,976,1,26,4,1,3,1,100,3,2,7,4,2,4465,12069,0,0,18,3,1,80,0,4,2,3,3,2,2,2,No
34,2,1346,2,19,2,4,2,1,93,3,1,2,4,3,2661,8758,0,0,11,3,3,80,1,3,2,3,2,2,1,2,No
43,3,185,2,10,4,3,3,0,33,3,1,2,4,1,2455,10675,0,0,19,3,1,80,0,9,5,3,8,7,1,7,No
32,2,859,2,4,3,3,3,0,98,2,2,4,3,2,6162,19124,1,0,12,3,3,80,1,14,3,3,14,13,6,8,No
40,2,759,1,2,2,1,4,0,46,3,2,7,2,3,5715,22553,7,0,12,3,3,80,2,8,5,3,5,4,1,3,No
41,2,465,2,14,3,3,1,1,56,3,1,6,3,3,2451,4609,4,0,12,3,1,80,1,13,2,3,9,8,1,8,No
24,0,673,2,11,2,2,1,0,96,4,2,4,3,3,4011,8232,0,0,18,3,4,80,1,5,5,2,4,2,1,3,No
53,2,868,1,8,3,1,1,1,73,3,4,7,4,2,11836,22789,5,0,14,3,3,80,1,28,3,3,2,0,2,2,No
47,2,1176,0,26,4,3,4,0,98,3,5,3,3,2,19658,5220,3,0,11,3,3,80,1,27,2,3,5,2,1,0,No
31,3,874,2,15,3,4,3,1,72,3,1,2,3,2,2610,6233,1,0,12,3,3,80,1,2,5,2,2,2,2,2,Yes
34,0,1375,1,10,3,3,4,1,87,3,2,7,3,3,4001,12313,1,1,14,3,3,80,1,15,3,3,15,14,0,7,No
33,2,527,2,1,4,2,4,1,63,3,1,6,4,1,2686,5207,1,1,13,3,3,80,0,10,2,2,10,9,7,8,Yes
32,2,801,1,1,4,1,3,0,48,3,3,7,4,2,10422,24032,1,0,19,3,3,80,2,14,3,3,14,10,5,7,No
41,2,263,2,6,3,4,4,1,59,3,1,2,1,1,4721,3119,2,1,13,3,3,80,0,20,3,3,18,13,2,17,No
40,0,458,2,16,2,3,3,1,74,3,1,6,3,3,3544,8532,9,0,16,3,2,80,1,6,0,3,4,2,0,0,No
55,2,267,1,13,4,1,1,1,85,4,4,7,3,1,13695,9277,6,1,17,3,3,80,0,24,2,2,19,7,3,8,Yes
52,2,1053,2,1,2,3,4,1,70,3,4,3,4,2,17099,13829,2,0,15,3,2,80,1,26,2,2,9,8,7,8,No
54,2,397,0,19,4,4,3,1,88,3,3,1,2,2,10725,6729,2,0,15,3,3,80,1,16,1,4,9,7,7,1,No
23,2,507,2,20,1,3,1,1,97,3,2,2,3,1,2272,24812,0,0,14,3,2,80,0,5,2,3,4,3,1,2,No
24,2,691,2,23,3,4,2,1,89,4,1,6,4,2,2725,21630,1,1,11,3,2,80,2,6,3,3,6,5,1,4,No
29,2,665,2,15,3,3,3,1,60,3,1,6,4,1,2340,22673,1,0,19,3,1,80,0,6,1,3,6,5,1,5,No
36,2,1218,1,9,4,3,3,1,82,2,1,8,1,1,3407,6986,7,0,23,4,2,80,0,10,4,3,5,3,0,3,Yes
41,0,509,2,2,4,2,1,0,62,2,2,0,3,1,6811,2112,2,1,17,3,1,80,0,10,3,3,8,7,0,7,No
54,2,584,2,22,5,4,2,0,91,3,4,3,3,2,17426,18685,3,0,25,4,3,80,1,36,6,3,10,8,4,7,No
55,2,282,2,2,2,4,4,0,58,1,5,3,3,2,19187,6992,4,0,14,3,4,80,1,23,5,3,19,9,9,11,No
30,3,464,2,4,3,5,3,1,40,3,1,6,4,1,2285,3427,9,1,23,4,3,80,0,3,4,3,1,0,0,0,Yes
45,0,1050,1,9,4,3,2,0,65,2,2,7,3,2,5593,17970,1,0,13,3,4,80,1,15,2,3,15,10,4,12,No
39,0,105,2,9,3,3,4,1,87,3,5,3,4,1,19431,15302,2,0,13,3,3,80,0,21,3,2,6,0,1,3,No
29,2,144,1,10,1,1,4,0,39,2,2,7,2,3,8268,11866,1,1,14,3,1,80,2,7,2,3,7,7,1,7,No
29,3,459,2,24,2,3,4,1,73,2,1,6,4,1,2439,14753,1,1,24,4,2,80,0,1,3,2,1,0,1,0,Yes
43,3,957,2,28,3,4,2,0,72,4,1,6,3,1,4739,16090,4,0,12,3,4,80,0,18,2,3,3,2,1,2,No
24,2,984,2,17,2,3,4,0,97,3,1,2,2,2,2210,3372,1,0,13,3,1,80,1,1,3,1,1,0,0,0,Yes
53,2,1168,1,24,4,3,1,1,66,3,3,7,1,1,10448,5843,6,1,13,3,2,80,0,15,2,2,2,2,2,2,Yes
51,2,432,2,9,4,3,4,1,96,3,1,2,4,2,2075,18725,3,0,23,4,2,80,2,10,4,3,4,2,0,3,No
43,3,559,2,10,4,3,3,0,82,2,2,2,3,3,5257,6227,1,0,11,3,2,80,1,9,3,4,9,7,0,0,No
23,2,160,2,4,1,4,3,0,51,3,1,2,2,1,3295,12862,1,0,13,3,3,80,0,3,3,1,3,2,1,2,No
41,2,1276,1,2,5,3,2,0,91,3,4,3,1,2,16595,5626,7,0,16,3,2,80,1,22,2,3,18,16,11,8,No
33,0,750,1,22,2,1,3,1,95,3,2,7,2,2,6146,15480,0,0,13,3,1,80,1,8,2,4,7,7,0,7,No
33,2,589,2,28,4,3,2,1,79,3,2,2,3,2,5207,22949,1,1,12,3,2,80,1,15,3,3,15,14,5,7,No
29,2,1378,2,13,2,2,4,1,46,2,2,2,2,2,4025,23679,4,1,13,3,1,80,1,10,2,3,4,3,0,3,No
50,2,264,1,9,3,1,3,1,59,3,5,3,3,2,19331,19519,4,1,16,3,3,80,1,27,2,3,1,0,0,0,No
